-90.61
76.55
85.40
-84.31
-93.15
-95.20
-51.55
-38.31
5.47
-29.24
63.93
65.94
63.88
11.63
43.93
-15.41
36.96
66.16
38.52
12.27
-14.57
-43.91
-8.58
85.26
-63.07
-3.90
91.39
-33.74
-64.77
-32.16
32.44
-24.50
-12.67
28.38
-26.25
-18.84
46.99
19.61
-91.66
31.88
-45.16
-77.10
95.16
29.83
50.49
-86.92
-50.37
13.52
2.77
-91.18
-66.13
0.83
-46.58
-14.96
-78.11
12.74
99.67
-96.96
56.15
-17.11
70.81
22.61
88.82
-30.61
-62.55
17.00
-2.86
-58.59
59.07
-68.37
-81.97
-18.73
71.19
-83.69
23.11
85.57
-44.73
46.27
19.98
-62.38
69.81
85.26
-58.17
57.97
-42.89
-95.51
-68.73
-8.05
-64.25
64.08
-94.18
81.74
-41.01
56.79
62.58
35.89
12.23
-70.50
54.88
62.34
-20.28
56.70
20.91
-6.72
-15.48
-20.38
-65.88
-15.03
-44.32
40.52
-27.47
-93.26
82.35
70.55
93.44
-24.33
-34.56
99.70
-91.55
-93.78
91.52
-99.37
27.17
73.54
-46.93
-3.89
-55.50
30.20
-69.34
9.85
-24.75
-31.63
26.88
5.15
-59.19
-25.65
28.39
33.48
2.99
24.35
-47.10
96.02
53.65
51.76
-11.06
-63.88
15.95
-71.30
82.80
54.57
1.43
95.59
90.95
31.02
20.84
-25.46
50.95
3.36
60.38
54.22
27.73
6.88
-11.41
-1.81
-69.43
-72.38
-5.18
-10.79
94.73
-69.88
58.64
-36.31
-56.05
-68.68
96.66
-60.96
-15.25
4.95
26.32
-9.53
-89.37
55.53
-64.12
-89.67
-29.43
20.20
61.42
-21.18
6.30
-70.93
21.70
83.35
-81.79
-91.05
-50.78
48.92
54.62
-92.68
88.28
90.03
74.89
29.98
-76.78
46.11
-33.73
-12.82
-24.58
-99.56
4.32
59.41
-40.98
-9.95
-89.69
68.78
-19.59
61.11
-64.11
-44.60
-67.58
27.81
-89.32
-90.73
53.42
-87.00
71.35
-84.84
67.24
-74.40
85.98
68.15
41.68
-81.16
-14.52
12.33
65.88
42.07
-20.94
33.99
-5.95
-14.76
-67.68
-16.00
-24.15
-68.21
39.48
-22.28
40.10
43.92
-51.23
15.28
69.81
-52.76
-92.65
23.30
39.81
-69.14
91.97
-8.29
68.23
-60.90
-1.17
80.97
8.09
2.17
-40.21
-95.18
81.99
25.69
-98.81
61.16
-82.04
43.77
-15.04
92.36
-19.60
-27.51
27.15
-82.22
-60.65
18.49
17.37
-45.31
28.27
-81.59
2.09
72.88
57.48
96.33
-22.22
-64.70
-85.79
-83.86
-75.21
57.34
36.42
-81.76
-40.61
-9.78
44.71
-7.08
5.37
75.85
-29.10
27.72
23.77
15.76
47.37
73.89
-87.62
-59.33
32.75
-28.49
70.06
-17.03
85.41
-61.03
32.80
40.25
68.62
12.16
-99.38
30.46
-36.88
-7.30
70.70
-44.88
96.53
-69.51
-40.92
-81.75
28.31
39.14
-54.64
62.97
-64.56
-86.51
64.96
89.37
14.82
-16.02
51.67
5.99
-52.49
77.81
79.90
-26.17
29.21
-78.53
53.11
92.72
85.65
56.06
64.15
-88.91
-68.29
-51.42
-6.72
-51.52
52.13
-98.85
-43.05
69.21
56.42
99.71
53.67
-37.45
59.38
-53.05
25.02
-36.32
-88.26
-49.67
65.13
-95.29
-82.03
31.28
42.54
88.43
85.48
-43.94
12.50
-66.55
-64.75
53.14
2.27
-19.17
85.60
-16.10
43.80
-83.74
35.37
-4.49
-38.02
-31.70
55.92
86.83
67.82
-57.68
-64.88
-95.55
-76.59
97.83
38.44
87.58
91.35
-16.35
62.43
0.40
-43.30
46.64
-42.48
-6.56
15.70
43.68
67.48
-40.00
-82.27
3.74
-6.56
39.89
76.61
83.12
-96.76
-40.05
21.62
-29.53
34.62
24.11
-33.68
-7.87
63.64
-26.12
-97.25
78.76
-67.71
24.13
-13.48
87.73
-99.70
70.81
-69.07
-4.31
-91.23
77.95
-58.37
40.69
50.01
-8.50
-73.87
70.76
-46.99
-43.58
-62.71
98.90
-72.57
-49.62
-8.42
-18.04
-30.68
-61.52
65.09
47.33
87.08
-30.94
33.14
62.36
-2.60
10.34
-64.76
-17.36
74.84
-97.01
-97.44
1.20
48.23
-0.85
63.00
59.41
80.10
-63.62
2.85
84.22
73.33
19.60
-70.75
-32.05
-5.11
-14.60
-82.45
3.74
-33.37
76.31
-95.12
-41.38
35.78
-44.19
-46.89
-8.58
-19.98
-81.31
93.30
0.85
-41.46
30.53
-66.11
-1.67
-65.72
-38.04
-70.08
-24.49
-43.08
6.51
34.43
51.38
-74.02
79.95
71.90
38.82
-94.24
62.65
-22.60
13.12
16.70
-70.69
-62.64
-59.63
-44.41
27.66
17.90
42.68
-14.96
47.70
-10.72
46.98
-16.10
51.08
52.13
72.85
34.57
-35.12
32.39
36.16
24.52
42.18
-35.43
94.89
2.43
-51.80
44.87
60.09
15.69
-69.08
20.38
38.99
74.76
5.85
-22.45
79.96
-13.79
87.30
-87.27
87.90
-22.74
-11.51
1.93
29.77
-9.44
-69.43
-79.43
-62.71
-47.66
-58.18
28.06
-40.84
-34.71
-55.51
-56.38
49.66
11.07
20.91
52.67
-73.63
-46.85
13.91
73.89
-81.13
-10.19
-15.49
99.27
-76.13
45.50
-97.45
-13.51
-59.51
40.38
95.25
-97.42
-60.53
61.56
97.72
93.11
83.19
-32.09
13.40
-52.12
78.51
81.39
-71.51
84.40
-58.26
-65.09
-19.45
-41.83
-36.79
32.23
50.02
-42.63
-4.39
94.10
-33.51
93.80
-61.68
83.72
-84.23
-70.46
-70.93
55.26
0.82
-52.28
93.27
-82.76
62.80
-44.03
90.21
6.42
-34.83
-8.98
-17.15
29.89
24.77
-21.19
-23.74
-51.55
-11.68
-27.74
-83.27
-10.85
-67.10
85.04
51.37
-30.96
-96.66
78.92
6.53
-33.90
83.22
-22.60
46.53
-66.81
-24.05
-88.66
97.95
42.42
70.96
60.73
-62.78
61.98
51.85
-60.11
-12.87
84.72
80.38
64.23
-11.92
-56.66
-31.87
34.29
-17.86
-91.65
-98.17
-52.16
23.65
-72.93
-29.69
-98.75
-36.74
-2.96
6.52
81.81
62.03
55.86
-52.39
80.35
-97.31
-41.86
25.24
-17.74
31.23
-96.37
-66.33
-64.54
-75.22
-74.31
-19.21
-33.27
-6.28
-27.78
27.38
-15.12
4.06
25.74
-89.67
97.96
72.04
-74.45
-88.86
-72.43
29.12
74.63
-22.92
-65.08
-46.61
-92.60
-90.46
60.04
13.02
63.74
-22.28
66.83
71.36
-99.50
23.09
69.09
71.60
25.78
-80.15
18.83
-82.13
-24.24
-81.00
-90.20
-99.47
71.51
93.58
80.62
-52.79
65.31
44.65
-66.76
-93.49
77.03
-43.88
66.54
-75.05
95.70
-37.57
-14.28
78.40
-4.18
1.85
85.35
17.46
25.42
-3.59
-10.27
-17.28
-42.29
36.05
-98.49
-37.86
-53.33
-94.28
34.07
60.47
-10.66
29.86
-17.62
-27.92
-75.36
-43.91
4.24
9.44
35.59
78.11
77.92
-31.57
32.45
9.30
37.05
43.76
68.87
-17.40
-99.99
43.47
47.82
46.03
37.42
9.17
-94.73
-33.90
72.53
59.17
-22.38
17.63
-35.12
50.90
43.22
23.11
69.11
-79.13
-2.51
-15.16
84.08
54.86
-96.08
38.42
65.61
-62.21
-26.91
-28.13
-46.49
36.62
37.19
37.91
13.56
-12.02
-88.83
-33.00
-72.50
-82.73
-23.52
-43.15
-61.55
58.54
96.37
36.45
48.81
42.47
-72.97
46.20
54.03
90.63
1.03
51.62
16.78
-67.23
25.85
43.50
-5.20
-32.44
-61.61
90.46
-3.70
-68.40
-0.31
85.88
65.44
71.81
14.82
75.37
-87.80
10.95
-85.10
-87.23
36.00
-15.69
-44.26
-71.11
62.91
9.55
-62.14
66.17
93.49
-55.06
42.24
-34.52
59.30
-39.35
-72.58
-65.23
-66.77
47.21
92.98
-6.20
33.16
4.79
-72.88
36.23
70.77
-64.74
-16.78
-86.98
-57.72
-20.47
-9.73
95.03
-83.20
-15.51
-96.08
-38.23
-63.24
97.24
-4.05
7.54
-86.75
57.25
28.19
-53.27
-75.58
-32.19
-60.79
96.54
32.02
28.03
44.52
27.37
-65.72
29.59
-6.66
29.84
-6.61
77.96
16.10
74.94
35.12
-44.78
81.36
34.41
57.99
36.17
-11.42
-40.36
53.44
99.25
-14.97
-63.54
-70.30
20.67
56.76
-21.67
-94.34
-75.19
2.40
-35.34
55.56
40.91
-64.91
75.40
-84.97
-25.68
-27.63
7.58
-2.84
37.39
98.52
-69.27
-3.61
-15.88
-73.34
44.84
-6.34
18.55
94.22
33.84
-4.64
91.74
-60.00
50.39
67.29
-77.97
-51.88
-84.30
-18.19
-19.30
-99.51
-2.79
45.39
66.03
-6.33
-64.35
-58.58
1.39
7.06
55.87
33.32
-40.80
60.80
24.39
-58.05
6.32
52.67
-24.80
-82.94
-25.70
44.94
82.77
39.12
-20.67
17.90
19.24
-83.06
48.73
-79.18
95.38
-96.26
-85.61
-73.01
6.44
-34.80
-94.11
-59.42
-87.82
7.82
22.91
-81.62
-84.81
12.95
15.22
69.38
77.10
-41.97
-15.98
-37.66
54.38
