-1.97
12.10
-61.77
26.80
-0.15
28.37
-81.66
87.27
36.62
33.65
-36.08
56.30
91.08
30.98
-64.59
71.51
43.08
53.74
29.45
-52.72
-41.79
20.85
-7.10
32.65
-28.31
68.84
-46.59
67.54
-22.27
8.58
90.60
73.41
19.76
-63.01
88.94
-89.43
-50.71
-92.76
-6.32
99.47
-16.55
-10.93
-33.81
-0.81
90.95
-60.74
0.38
92.39
-0.72
94.35
76.65
-39.36
57.56
71.41
-17.59
-62.55
32.50
74.12
83.06
0.08
8.97
-19.94
-38.08
-40.03
88.50
-47.20
-52.26
86.80
-78.75
-35.78
80.18
-58.18
-74.28
76.40
-54.46
-96.79
-15.80
29.98
-83.28
5.31
70.00
-3.41
-57.45
66.15
53.74
71.32
11.80
-36.12
-35.17
28.93
-22.84
49.29
-51.16
-84.87
20.60
-19.83
-84.87
65.39
-32.50
-32.26
30.73
-4.67
94.45
-45.84
15.22
-25.73
80.63
-68.42
-87.33
-40.23
71.77
79.02
5.44
24.41
-43.97
98.23
-62.66
-75.46
58.38
-99.79
-43.76
-78.81
66.06
-85.85
-46.19
-6.80
-67.52
9.80
