4.24
49.50
99.67
74.03
-66.17
-48.84
0.85
65.73
-19.93
11.40
76.93
-38.04
-14.39
96.23
78.03
-55.95
78.70
-45.06
-94.58
-42.16
76.10
38.03
-40.98
-28.55
-18.10
35.49
-60.05
-16.61
42.07
88.25
-44.82
-51.57
87.06
-0.69
-21.51
0.07
-55.41
39.37
-69.66
-45.10
42.80
-91.96
41.63
-49.83
85.91
72.24
14.42
67.03
97.15
81.31
-94.34
90.04
-91.08
21.79
-90.25
-0.45
20.91
-83.91
-14.72
64.44
10.23
72.42
-14.25
-93.93
85.93
-17.03
5.45
-77.52
81.94
-43.08
-57.89
31.81
58.50
-90.72
40.07
84.86
12.86
94.01
58.57
7.52
-78.20
-10.26
-66.57
48.16
60.52
45.63
-26.49
-41.44
38.02
-69.30
-63.50
-86.01
-25.10
-9.80
9.88
-76.30
83.53
-96.21
-98.31
10.00
-28.01
99.00
-98.49
-89.86
48.53
-90.02
-89.20
93.52
-68.17
67.86
89.57
-24.23
73.84
44.97
28.68
-50.99
94.79
41.47
30.40
99.38
-54.62
9.32
-52.94
50.95
-16.29
52.75
93.30
79.47
-96.97
-78.72
10.03
20.56
-67.49
85.62
-98.96
-57.89
57.55
12.39
-19.19
-60.50
46.10
73.78
88.23
-2.28
-2.76
-6.04
86.23
35.97
-48.51
22.98
13.77
-46.42
-1.80
-42.87
1.42
-51.64
1.63
26.01
-78.58
1.94
-53.56
12.07
14.74
70.73
-50.06
10.76
93.84
-57.36
-21.23
-83.61
-54.68
12.60
60.47
35.32
3.17
32.39
57.50
-70.48
-78.54
-77.33
20.92
-43.62
-82.74
-78.48
-71.13
40.38
30.15
67.17
11.04
67.98
56.09
37.61
23.57
3.15
-95.04
36.39
-77.28
36.67
99.40
-68.01
5.13
45.83
55.07
71.84
-44.15
-69.35
51.16
18.16
-91.15
96.04
89.49
-15.71
-60.49
38.26
-54.85
88.92
96.92
-86.81
41.28
89.65
-48.05
86.76
-97.14
-89.06
-84.60
-50.11
-83.56
-6.86
13.60
-17.35
-25.49
1.05
-37.91
-20.50
97.69
52.66
74.40
-42.71
54.97
3.57
-87.73
-64.89
87.46
-59.23
84.36
-52.29
-97.59
-64.04
23.19
-25.52
-76.17
-75.82
52.69
34.49
77.83
47.81
65.99
-51.40
30.21
20.08
27.04
-35.52
2.95
90.06
-27.86
31.70
-69.42
96.32
92.66
-64.10
42.61
14.03
-28.44
63.85
69.05
-30.51
-32.17
71.72
-97.35
96.95
-3.56
62.81
23.52
91.61
-82.62
-59.36
80.45
67.86
96.26
-34.78
25.21
78.83
-3.59
-35.07
72.99
-10.02
-0.99
-94.97
-25.04
45.31
-21.18
-30.38
27.75
-6.79
16.24
-27.33
62.14
-24.08
-41.53
7.71
-57.13
-10.09
72.77
-52.71
-54.96
17.42
-68.41
-97.62
-73.68
96.96
-47.97
21.90
-11.55
13.25
-3.89
-15.46
5.93
46.45
18.48
78.86
-42.08
50.99
-58.44
97.55
-55.37
16.91
-17.37
20.01
85.42
-9.77
97.69
50.49
-61.80
47.10
73.24
98.67
-0.91
-18.41
83.65
-14.61
-27.24
52.80
11.92
-48.16
86.75
-32.52
53.03
92.14
-46.98
29.70
36.57
68.62
40.52
-95.08
53.84
-55.63
-88.17
37.59
5.26
-0.56
42.43
87.97
27.03
21.00
-19.30
-43.02
-90.50
-50.37
-91.68
93.90
-35.62
-30.36
-12.75
47.71
-86.60
-68.23
79.63
43.79
-60.71
58.94
-95.60
41.59
13.66
-95.55
84.14
80.71
-25.68
-17.63
55.94
51.76
-90.65
82.21
77.35
-90.74
33.76
-53.72
6.57
-69.26
-24.47
90.88
-28.57
-66.47
35.12
-37.41
33.32
-52.69
-7.69
-88.47
98.90
-75.52
-71.12
-38.94
-66.44
-99.42
43.71
24.97
29.21
-53.24
-25.01
91.92
-28.23
-83.15
-19.69
-65.60
19.77
-3.40
-91.08
35.94
25.86
31.88
6.51
83.00
-37.53
23.56
72.66
-5.05
-36.59
-73.29
-44.45
31.20
93.98
95.55
-66.29
61.66
28.78
-42.45
-27.98
-74.60
36.87
-57.49
29.40
-26.97
-82.49
-4.47
-41.01
-35.84
41.63
-49.42
31.16
9.87
51.44
-64.04
85.01
-25.26
-28.40
87.19
-52.41
-27.32
28.37
-69.30
20.95
-58.39
17.40
-23.81
-56.60
-99.55
48.09
29.89
-27.82
-50.12
-9.60
-98.78
-21.77
37.67
15.27
-20.90
27.74
63.14
18.42
-7.32
51.42
16.69
-71.32
-31.03
-43.96
-54.28
75.40
22.74
-55.39
61.19
37.17
56.43
11.54
79.23
26.99
-57.44
41.40
-71.47
-4.58
-70.54
-4.76
-9.71
81.21
50.40
82.23
1.41
95.33
63.03
47.78
54.54
78.99
82.25
-8.89
88.90
45.75
23.31
-21.78
22.47
51.13
-37.73
96.16
19.41
-38.77
63.02
90.78
18.05
-89.71
25.05
95.97
-12.87
26.94
96.06
14.71
-8.39
85.72
-59.41
-12.43
-55.67
35.56
69.42
-44.45
-0.04
53.92
8.89
40.15
8.69
30.93
64.03
62.19
-84.58
71.33
15.49
-46.00
-41.88
-35.57
80.61
-11.96
-46.89
-39.51
-72.21
12.76
59.62
-13.41
48.28
97.11
71.79
-38.25
-53.16
-4.01
-31.38
-49.79
-7.03
73.32
-93.66
75.57
33.97
-60.96
-38.09
50.77
-21.03
-18.88
19.94
-88.00
-58.63
-57.44
-63.80
-92.36
-83.99
68.85
95.28
3.80
31.04
37.70
-6.76
75.11
-49.05
22.55
58.87
-4.27
43.63
-6.29
-97.24
-83.02
28.49
-15.45
3.75
54.03
40.89
-78.04
-7.09
-97.53
-55.26
-8.78
-39.77
-13.18
-55.33
-69.20
-59.55
-6.73
-47.87
76.45
52.59
44.85
57.04
-81.17
-72.05
95.69
25.93
23.11
58.53
87.10
88.70
-39.15
-4.83
-81.03
82.13
-71.51
91.11
-97.77
60.38
49.86
72.32
-85.47
51.60
62.52
1.01
-0.84
31.24
39.38
69.19
-52.00
-36.71
92.98
65.95
9.23
85.86
-88.95
-28.40
65.73
90.40
-87.88
1.40
-61.16
-12.58
87.61
-34.01
0.23
81.02
53.01
-13.09
-93.78
-5.21
-14.12
32.37
41.55
84.45
-98.37
14.20
72.54
-73.16
-21.39
-5.84
-21.94
42.96
8.38
13.45
-65.29
-71.51
-4.39
-66.15
57.12
66.85
-43.46
-8.46
70.11
-94.24
34.91
26.73
43.38
-67.44
67.66
-32.68
-70.88
47.45
52.49
-76.66
-51.40
-17.33
34.41
7.17
-3.71
-23.20
89.23
48.06
42.75
89.56
-17.63
94.93
69.15
-17.19
-78.40
-73.58
-65.96
-75.82
-5.88
50.32
51.81
92.42
65.42
-87.08
-27.42
-36.59
-65.67
-11.36
47.25
28.92
6.51
-62.04
-37.61
-80.94
-92.80
-33.95
30.14
54.06
70.15
-72.72
63.66
-84.71
-46.10
-97.96
72.67
43.63
-25.98
7.82
16.37
-40.68
52.43
-49.06
46.52
65.50
88.66
-8.19
6.05
-92.99
53.03
-46.71
7.41
-7.32
32.78
65.33
81.15
97.76
-51.58
88.21
-67.44
3.36
63.97
41.20
-39.49
76.55
18.67
81.13
49.76
81.24
68.41
11.54
-78.19
38.80
-19.25
47.37
-42.15
-25.97
-28.17
-96.41
43.04
84.56
-46.42
59.25
-49.08
-78.83
73.05
87.16
59.21
23.15
-91.08
-29.49
0.18
84.09
-8.49
77.76
-53.60
-77.23
57.62
75.24
-63.79
22.25
26.17
93.29
27.86
-67.74
82.44
14.80
-59.44
39.37
45.26
34.33
-62.98
-9.87
-78.59
29.87
17.21
53.95
-4.46
49.28
27.63
63.79
59.20
19.55
16.10
53.55
-84.74
17.57
81.13
-43.30
79.56
-45.81
-40.86
28.15
-20.67
45.04
92.69
88.98
-99.86
61.02
-34.83
-51.51
-57.52
-8.79
-81.57
0.76
66.69
4.90
42.26
88.71
-90.88
42.53
5.61
-37.37
-62.95
7.10
20.71
-5.73
77.40
-71.53
-54.55
-97.02
36.89
7.76
50.43
63.68
87.91
10.54
91.32
57.03
-21.11
16.84
-31.74
58.02
74.15
-70.99
64.74
-41.99
59.58
-67.75
6.51
-64.60
-77.78
35.85
-88.08
78.72
99.81
-28.94
14.44
89.95
5.01
-67.95
-24.86
-77.39
-84.86
-18.80
5.80
34.53
-65.51
-17.92
-89.10
-45.63
46.20
-94.47
54.57
-41.48
-31.50
-19.87
94.60
-47.21
0.36
-14.15
8.53
76.50
-64.74
33.10
70.83
-17.51
-33.47
29.11
-20.00
57.21
3.16
-90.52
-31.79
15.26
-67.08
38.39
-49.63
-23.72
-82.83
13.62
0.84
-31.01
-60.25
-85.78
-10.28
-43.53
7.83
29.36
-17.40
77.81
-12.29
13.61
-86.81
56.61
22.56
-11.02
44.15
-46.82
44.48
49.74
42.56
16.53
35.59
94.45
-81.99
56.87
-15.23
93.82
77.36
-23.80
79.17
67.41
89.74
12.34
42.98
-29.27
-69.98
-68.79
75.18
98.92
-8.16
-40.00
39.72
-2.48
32.36
91.48
97.67
-70.69
-68.72
-96.96
82.83
6.30
80.79
-23.90
-30.73
69.07
-57.21
-30.99
57.02
99.14
95.82
30.72
26.47
99.29
8.06
11.88
34.06
-26.81
-82.95
-24.66
91.08
-72.03
21.85
-21.15
94.36
-61.80
-71.45
33.59
65.55
-84.87
-52.05
49.01
-38.30
32.41
77.64
88.04
-79.71
-11.92
-56.67
-66.18
-62.88
-20.25
73.70
26.94
42.85
53.57
-81.22
-78.48
37.75
79.11
25.06
-71.41
-22.82
-56.07
-90.39
92.16
72.23
56.92
40.57
49.87
-69.43
86.65
96.57
31.74
15.61
-6.90
42.45
95.79
29.20
68.36
6.38
53.33
-38.16
78.04
-57.19
-46.66
32.16
-59.84
35.26
-69.95
12.75
8.66
22.19
-71.78
-90.44
-97.57
-12.87
-30.57
73.03
40.09
47.06
49.40
-82.48
-64.09
60.67
-32.05
-11.99
-8.21
-31.82
25.41
-88.15
-93.51
95.56
39.46
21.39
-43.31
-99.94
-10.61
57.73
25.16
90.24
-30.69
-12.75
-21.61
-2.26
20.50
-92.80
66.36
1.15
-27.73
88.16
66.32
88.51
99.12
-68.19
70.25
89.83
59.00
65.43
-62.36
-98.89
73.12
-14.60
63.58
-5.79
-87.22
-96.20
41.39
90.20
7.80
-32.46
95.13
-60.71
-84.24
15.37
-39.37
-36.92
-80.48
48.85
-53.68
82.55
12.21
-94.75
-15.95
40.23
57.18
2.48
-75.01
-46.23
69.85
-84.80
-16.14
-86.94
-7.55
-79.09
4.84
33.67
-87.35
19.53
73.63
17.42
-70.66
-6.83
-28.66
-7.91
53.81
0.69
-95.22
49.84
84.84
-12.05
-25.96
-33.69
93.90
21.19
-44.89
44.49
77.09
-39.28
-62.56
81.23
-77.30
94.70
-70.23
66.64
-86.89
15.58
81.12
-57.76
62.23
-72.02
50.87
15.93
47.44
89.99
99.38
-46.78
-96.96
-49.86
-9.97
4.79
-1.35
-38.70
37.63
84.32
14.92
-35.95
34.55
-1.99
-69.14
-15.60
-99.69
84.40
-76.46
57.01
69.62
-67.74
93.00
32.27
11.81
69.64
11.88
-58.02
44.03
-61.24
-48.23
-64.69
-35.50
4.72
77.22
-13.91
-17.74
-20.84
58.41
65.04
58.00
-54.99
19.62
70.21
-26.95
-94.30
34.00
52.79
48.16
54.46
8.79
-35.35
9.78
-31.28
-40.56
-93.32
18.49
79.33
-51.74
3.54
-44.29
53.50
10.83
-87.69
-45.79
13.16
-4.56
-67.06
74.47
32.21
22.73
44.29
-94.30
5.65
12.76
-58.97
-40.13
80.90
-31.32
-2.88
14.00
-12.23
68.26
94.86
88.25
14.56
72.90
45.01
-71.60
-34.13
-28.00
27.76
-29.37
42.86
93.81
-87.75
-39.34
62.86
-88.37
-37.71
54.55
-11.18
-7.09
54.08
-91.51
-26.79
-2.55
6.85
-20.66
19.57
-90.33
65.04
-51.57
45.68
50.12
56.04
-41.78
-24.36
58.63
71.57
-79.15
-82.54
-59.50
-19.95
17.45
-65.97
-15.47
-66.38
-90.43
-40.30
35.73
1.61
41.30
-45.15
57.20
-14.75
37.02
99.14
73.83
-56.90
-82.76
58.16
-11.05
-44.46
52.40
30.47
-23.25
75.46
-30.63
-98.13
93.19
-41.93
-33.95
2.07
2.21
-14.22
64.12
-51.60
23.07
-30.97
-62.76
80.79
93.55
85.58
22.10
-95.99
-27.56
31.03
-79.88
82.12
57.05
-84.96
48.56
98.53
-24.32
-10.90
82.91
39.36
-14.49
98.24
34.06
-71.79
-3.72
-61.28
62.96
8.25
22.66
-88.06
63.43
-3.49
90.61
77.76
23.83
-75.74
95.74
97.58
-32.34
90.32
-30.48
-92.98
39.35
-92.09
90.68
-47.52
74.06
-44.87
-19.35
53.06
-18.28
16.27
88.64
26.79
83.13
18.72
79.43
10.29
50.05
29.84
97.89
-35.98
-51.66
-57.04
-32.54
-6.09
64.37
1.90
43.11
-9.26
-28.89
-30.14
-80.86
77.68
-88.09
-89.44
66.80
-2.33
53.65
37.21
-5.50
28.11
84.80
-52.59
-6.07
-56.69
-92.10
37.37
56.67
-27.33
-72.02
-36.04
82.14
-82.82
-72.39
-57.68
26.50
49.95
20.17
-48.89
97.45
48.73
45.37
-72.50
-85.70
-96.89
99.89
-7.16
-82.04
7.38
-99.70
-10.85
-44.15
23.53
36.85
29.50
34.11
74.84
-38.54
64.60
-42.03
24.31
-11.95
34.46
-0.74
76.80
-80.42
86.61
-92.41
76.20
12.98
32.88
18.19
-94.59
5.04
44.39
-19.53
-38.18
32.56
8.97
10.49
29.31
-72.18
51.25
10.66
76.24
38.56
-86.41
-27.14
15.93
36.27
83.02
25.64
-58.65
82.50
-60.16
69.01
-32.41
62.05
-58.69
-25.29
-79.72
-89.24
-34.97
72.07
-4.95
52.01
-63.50
-42.61
37.51
48.66
-63.40
-18.99
-9.58
-0.53
-71.63
-84.66
-37.11
27.32
-4.09
57.73
66.54
67.92
93.66
-94.55
20.86
-17.09
-60.55
66.51
-84.24
-66.01
-92.40
-12.90
-50.99
-27.92
97.80
90.02
-87.06
-54.51
-4.51
91.85
-12.14
35.20
-42.02
-49.82
47.73
-41.87
1.18
-40.24
43.51
-74.47
-85.37
-76.19
21.41
-76.85
-52.80
-75.76
68.18
-53.38
-79.56
56.75
-30.38
86.61
-24.45
31.14
99.38
58.31
-71.14
-87.66
70.56
2.69
-71.02
-70.36
21.84
-65.86
59.82
-57.29
52.94
-91.96
-37.60
55.69
24.76
99.16
-43.65
86.57
-55.10
-79.59
65.20
11.08
-76.26
40.45
-90.83
-25.91
-13.80
-61.30
-77.96
80.68
-62.31
6.44
7.37
85.67
84.67
48.11
-0.98
-0.85
47.09
-48.01
58.94
-5.96
-48.41
-80.60
-79.14
28.86
-39.39
-68.96
-8.54
10.35
-53.85
90.32
-18.09
-32.52
58.09
-41.01
-62.88
-85.90
-32.79
18.29
32.80
-76.52
-36.74
43.09
22.52
99.50
-35.08
-11.04
84.59
28.25
55.48
75.14
30.00
-17.67
-75.72
29.68
4.27
70.98
85.93
-45.92
71.86
-29.02
-89.49
49.02
-84.62
71.68
37.58
-85.82
50.63
54.75
59.53
83.68
73.39
96.85
-83.08
-92.36
-47.21
-77.62
-23.67
27.69
5.95
37.99
-95.37
32.92
44.33
-49.25
-65.80
-13.19
97.12
69.35
54.07
31.00
-7.42
37.26
56.98
44.24
-65.34
14.21
-48.45
14.10
44.21
54.91
29.43
-13.27
-48.83
15.83
71.74
-97.72
-60.25
86.43
82.22
19.04
53.79
90.25
31.45
60.38
-70.22
48.09
-79.66
25.24
40.46
41.54
76.58
64.01
31.38
-6.92
-44.10
9.71
-70.73
-54.82
-10.30
-40.19
-55.52
26.63
86.98
43.70
-24.81
-63.57
-56.04
-40.70
30.69
-29.53
50.29
-83.03
7.97
24.38
38.44
-10.49
44.71
-70.08
10.25
-17.44
-73.34
-8.98
35.45
89.66
74.60
17.35
71.31
89.63
-45.23
81.64
-69.56
-45.16
-2.59
14.96
25.38
23.62
-53.92
-84.83
10.07
83.98
17.01
-59.16
99.80
-65.88
12.90
72.66
35.05
-5.17
-23.96
82.43
71.04
67.21
49.67
88.95
-67.87
-4.07
-69.00
-82.54
59.25
28.53
-69.86
92.50
79.58
-6.94
-36.52
-86.31
-64.73
6.60
10.60
-6.17
63.56
-96.64
-18.34
-18.85
-27.07
-56.14
-93.53
22.54
-9.44
84.72
8.65
92.48
17.97
7.09
-32.91
-0.37
-12.65
-29.59
-62.71
6.24
-69.60
51.53
67.88
-76.86
6.63
-13.23
-86.04
59.20
-22.78
28.90
-21.98
26.56
80.88
-83.02
95.40
-8.89
85.25
40.63
-68.58
-21.19
52.78
80.02
31.66
80.79
26.14
-72.88
98.69
36.05
-63.41
58.86
-20.89
-14.04
-3.85
-44.50
-57.25
-84.64
23.86
47.99
-30.85
74.86
17.76
78.77
-21.23
96.37
-95.12
22.35
-63.64
-89.93
-97.43
-46.94
0.88
-86.18
-26.93
-85.31
-10.30
-36.52
25.72
54.12
-7.15
93.68
23.16
-10.66
-51.42
-12.98
-28.99
95.54
41.54
30.83
-35.23
-99.71
-15.59
80.22
61.50
-69.67
-90.51
-78.90
-20.01
-13.08
54.12
-45.26
79.31
-4.09
12.35
67.82
-73.51
-67.93
33.06
-43.25
60.18
82.83
-4.25
-69.26
-91.31
5.36
-44.47
95.16
-69.78
61.44
12.01
-36.77
-75.12
-72.53
74.89
69.04
35.75
24.41
-68.93
64.18
-0.11
-3.79
98.71
54.05
41.53
70.04
17.55
10.02
7.89
-64.50
33.79
-74.40
40.41
-90.46
78.06
62.01
52.25
-2.19
-30.54
-32.96
-7.04
91.48
38.30
24.76
66.65
-2.74
-81.10
85.60
87.24
37.12
82.90
53.63
41.30
54.23
-47.12
72.91
-46.41
-16.52
12.68
2.37
-74.25
46.58
4.82
87.10
-62.66
35.29
-78.05
-14.16
-21.95
-35.22
-85.81
74.08
19.80
-17.79
-87.98
33.65
-64.41
-66.92
51.81
1.62
97.06
70.19
8.72
-58.47
99.32
87.76
-72.67
42.81
-9.52
-18.46
88.26
-90.90
71.40
-54.73
-64.32
65.25
72.68
72.35
64.38
-82.79
25.04
87.46
-82.79
-50.20
35.67
86.55
-86.25
-21.07
81.21
82.75
-91.26
-68.22
-89.22
-26.68
-25.87
-82.46
-6.95
40.83
-24.71
-84.53
41.68
-60.20
-48.11
-12.83
-57.86
79.99
1.16
60.06
32.47
30.92
44.04
23.57
21.47
2.69
-80.29
54.65
-58.86
-24.76
61.06
9.97
-55.76
76.61
-51.31
76.14
-3.73
-10.42
-41.34
42.13
-65.16
90.16
42.68
12.33
61.25
-51.43
-39.90
-69.79
87.96
-20.75
-43.96
-60.81
-57.56
12.71
53.60
73.71
55.14
78.13
-69.61
47.50
-73.29
48.66
-34.19
41.06
41.69
-44.10
-75.82
-5.73
-73.27
-98.22
39.10
-76.25
-45.47
54.13
96.99
41.46
-14.94
4.59
-63.53
-9.83
28.18
3.58
16.24
22.06
76.11
-85.72
9.65
-91.30
-84.66
23.81
30.29
-34.10
98.46
88.48
74.00
-60.47
-46.96
54.24
79.18
47.50
40.06
-2.81
-91.53
-72.66
23.91
0.28
-37.43
86.60
60.53
-39.13
13.48
96.03
-84.15
64.38
94.10
65.55
41.18
51.45
14.71
37.21
40.68
-0.42
-79.74
-42.85
21.62
75.33
-59.61
-77.73
78.45
14.89
-69.52
-66.21
-47.19
97.49
-67.48
87.24
67.57
77.52
50.23
-28.14
65.49
-52.02
-68.37
-52.94
-30.80
-47.16
22.63
-1.88
82.22
37.66
28.38
44.88
86.82
-37.33
-34.89
14.09
-36.15
61.79
11.66
56.19
15.84
-50.11
85.69
58.83
-82.42
-29.43
-50.44
-68.84
-32.42
-34.45
17.78
25.97
50.81
45.42
54.92
-45.06
-24.95
0.25
-88.11
36.15
-77.79
52.51
56.94
-61.42
95.92
17.96
26.09
41.55
-75.33
99.33
64.04
61.09
-1.05
64.03
-73.55
47.27
12.71
-89.34
39.80
-28.34
-51.26
-16.30
-60.08
-38.40
-10.48
16.57
-46.37
-35.85
-62.06
-55.17
-31.46
-76.99
-63.47
60.85
57.44
-45.39
-26.48
-79.13
44.15
81.22
13.44
63.73
31.47
80.30
-87.98
43.41
69.56
-15.80
95.44
0.74
89.19
-45.41
43.62
15.94
46.62
-63.42
69.85
-26.90
9.91
-93.79
-18.04
-94.06
5.90
-94.08
-50.79
82.87
27.16
-66.00
-62.74
-9.42
-48.83
-41.94
26.40
-11.53
73.34
60.50
-99.95
-9.15
-52.96
75.76
54.16
35.90
-37.95
-62.25
3.36
0.22
73.31
18.46
78.49
1.11
-17.36
-70.28
-28.38
47.70
-64.49
19.64
29.78
75.83
37.67
41.86
-18.30
-60.28
31.80
-13.03
-20.52
55.19
94.30
-77.60
98.92
57.59
-9.47
-48.43
-67.25
98.97
56.96
-36.85
43.98
-23.00
-85.01
-4.04
34.89
5.01
-96.59
-2.95
-83.15
-18.58
-66.61
78.82
38.22
-48.71
-96.07
30.98
15.85
88.43
51.41
60.27
-46.48
-31.44
-45.79
-92.13
-76.98
48.46
28.46
-69.90
28.37
-46.19
-33.95
-2.30
5.05
-90.98
98.52
87.46
9.03
78.26
-12.67
-48.00
10.97
69.09
71.44
86.46
-25.86
-82.45
-97.77
-36.32
-35.97
84.43
-48.16
-56.97
-24.96
-37.75
96.98
-98.02
85.95
-29.44
65.94
-4.53
-35.68
-9.88
95.48
98.89
91.73
-11.08
66.17
36.47
45.48
-86.11
-73.47
-10.33
29.45
-54.27
-88.51
-8.54
-8.09
-6.75
61.80
76.89
-66.83
87.86
67.07
48.19
93.83
6.13
53.55
30.61
-79.06
-66.81
45.44
-70.96
-4.61
-26.89
-53.17
74.55
-73.78
-53.47
41.33
-89.19
-42.25
-30.93
-78.33
-74.94
69.19
-92.32
-71.71
65.25
-4.06
-53.53
68.60
-95.54
-33.42
23.39
22.00
-78.37
48.31
-34.42
-9.04
-46.31
70.88
54.26
83.11
3.70
-42.35
-61.18
74.21
22.78
65.81
77.84
54.20
-96.85
-80.73
-6.57
23.13
26.84
80.50
-29.44
44.67
22.76
79.62
23.30
-71.04
-75.01
-49.71
-96.45
98.48
-29.78
-18.24
95.68
-57.96
0.48
17.33
-5.10
90.39
-56.91
-64.89
-28.73
56.79
-41.62
11.36
-51.84
-10.93
-14.79
-0.88
80.31
40.36
-15.10
92.05
81.41
-99.64
16.16
86.03
89.14
52.95
-64.50
26.70
-51.23
-91.17
-43.39
-93.72
21.37
42.40
-85.74
-86.27
-52.89
20.12
96.84
-16.51
-36.34
-62.50
-92.08
-78.60
-77.35
21.46
26.76
-56.97
-48.28
-97.19
92.06
51.12
-91.35
-84.48
-79.27
-46.34
79.14
45.53
9.55
98.04
86.53
58.33
-61.18
-14.95
-40.45
-29.44
-28.64
-41.01
-67.37
30.76
76.98
-81.25
-73.15
38.27
-55.26
19.37
-55.55
-90.17
63.29
-81.23
-2.58
-85.82
-89.21
-10.35
43.25
29.40
-63.40
-95.11
-83.03
-52.93
-83.72
-54.54
93.86
42.03
1.16
-90.52
76.69
-43.65
22.46
-33.72
91.48
35.19
49.62
94.66
-82.23
-67.03
-53.60
-51.14
41.25
42.55
38.29
-51.79
1.64
-60.99
-70.61
-93.99
-63.86
-66.34
-28.81
-46.16
69.64
-80.25
4.83
97.39
-88.95
-22.33
-37.75
52.82
53.01
-7.04
30.95
5.69
-72.29
-43.73
-71.54
32.27
-73.73
61.63
94.21
-10.37
14.40
-55.09
82.97
-14.49
48.57
9.47
-51.65
-74.55
32.95
90.75
20.46
-76.83
-68.84
-1.58
-83.93
27.75
65.31
-42.46
21.99
-32.58
-2.84
24.65
-97.93
23.30
-69.47
-69.80
73.46
67.72
36.17
25.30
-69.75
78.39
-66.45
58.47
1.67
26.32
20.68
-64.02
9.17
-87.26
-30.87
19.81
-48.98
-54.50
74.94
-38.00
27.16
-48.07
-4.65
78.96
58.65
-0.64
18.23
-55.78
71.43
-34.00
-15.16
70.52
80.16
27.49
74.00
-14.22
16.21
33.53
76.48
-15.52
29.03
-46.78
81.19
-36.90
59.76
-14.09
-44.26
-79.50
-72.20
28.66
33.42
-63.72
-15.99
30.75
-63.77
-24.37
40.81
23.34
-15.00
-28.07
-59.64
86.23
85.06
-65.66
19.06
66.72
41.66
-21.54
67.41
-59.86
49.13
93.79
-84.62
55.60
60.64
-62.14
20.61
15.07
-39.46
-0.11
-88.10
45.69
-89.49
93.35
-18.01
86.27
-20.46
96.12
-11.63
1.71
-2.68
84.31
71.76
90.18
48.93
-14.86
-41.64
25.37
73.32
-23.92
98.73
-13.35
9.10
61.45
-25.04
60.89
-49.21
-83.50
99.92
-58.15
-42.32
-29.79
72.41
55.44
76.16
45.79
-26.61
-76.09
47.18
95.44
50.88
-35.09
-27.03
19.92
-53.75
-25.59
-48.64
91.70
-90.25
86.37
60.46
46.98
-75.88
-31.82
53.29
-56.24
-86.37
-69.78
96.39
-4.72
-83.77
-27.08
13.94
46.28
89.54
-80.79
-30.75
44.35
53.33
55.02
49.68
-81.75
81.55
40.73
-3.49
-0.21
41.46
-89.37
-41.39
-82.35
-98.88
14.99
34.33
-88.52
79.82
-12.31
28.65
34.11
-24.95
-96.35
66.07
-78.64
22.42
36.49
-90.90
-54.67
-68.53
-7.85
-59.77
-58.50
33.66
-71.22
-41.47
6.84
8.93
45.76
28.64
64.74
-72.84
76.23
-61.94
-36.48
-38.30
-60.56
39.62
40.32
-74.00
-95.19
21.38
24.62
-84.81
-75.49
90.45
85.61
-80.76
-51.55
18.13
13.78
99.46
-55.15
-73.67
-15.24
51.02
-73.28
-45.93
54.38
-64.11
-48.06
-54.18
-9.69
15.59
-35.78
-99.25
-83.07
78.32
77.34
-79.89
25.66
4.05
67.47
-46.88
-63.21
-57.24
-36.68
93.33
12.58
-24.79
40.13
-97.97
-99.32
-23.38
-35.73
55.82
-78.54
28.79
46.11
-16.11
33.40
-30.43
8.50
25.54
24.50
-22.36
-65.22
16.52
-85.19
-99.60
-11.63
-33.09
47.53
41.85
56.96
-83.82
19.17
70.75
44.84
4.57
-62.72
99.65
59.97
64.23
-29.96
-57.60
58.47
61.51
95.76
8.89
-52.41
64.66
-63.26
2.95
96.27
27.51
-62.73
-51.94
-43.09
-71.78
83.17
84.45
-90.69
34.71
54.40
-43.79
-50.61
68.25
23.93
-70.70
-64.25
10.91
-67.82
-88.26
31.92
-86.99
-15.59
56.23
5.15
-29.01
-64.01
-70.13
85.84
-34.28
-72.70
-31.07
3.11
-48.48
-85.54
-57.66
-67.16
26.66
-58.91
38.64
29.99
-4.89
-51.53
-82.56
65.40
-37.28
-20.17
-1.15
58.69
42.27
-83.06
-52.31
44.37
-57.68
-44.89
-56.92
-12.49
86.50
-56.44
36.84
57.43
-51.85
-95.82
-56.08
-15.96
-2.74
89.07
-93.04
-40.42
53.06
-75.37
54.01
44.38
69.51
3.55
62.22
-57.78
-34.51
-38.38
15.51
2.05
-91.71
-3.98
70.03
75.67
-60.04
-84.51
-49.88
56.73
-42.05
77.49
-29.67
91.41
45.22
-9.03
-67.45
20.48
83.67
-92.42
-21.33
44.69
-15.64
95.70
12.85
-11.30
80.64
-83.12
-47.48
-85.75
87.19
26.92
-79.12
-59.76
48.64
84.07
-26.11
31.52
-24.35
21.99
39.51
-30.27
-46.54
9.70
-68.46
-27.96
67.97
42.48
-51.03
-12.02
-37.58
12.51
57.32
-29.49
87.72
8.09
7.32
-65.08
-98.14
67.39
-4.27
20.43
-34.77
-41.13
-20.81
56.41
71.26
-77.73
46.10
-28.36
-23.08
-56.39
-21.81
-68.59
-92.13
30.64
6.54
79.22
-41.31
-42.90
-80.82
-89.49
-20.12
3.82
-39.95
-53.29
-15.38
-1.94
-77.85
-18.21
-0.48
9.77
88.73
83.96
-75.31
28.46
67.80
-27.36
-25.18
14.83
-33.89
-18.84
-48.10
-23.47
28.15
28.68
-52.69
93.61
-17.62
-15.86
-17.06
-36.88
19.01
95.20
-34.17
4.73
-81.34
53.93
-90.27
98.62
-48.69
33.53
-23.77
13.17
-97.65
7.45
-27.57
-58.02
-48.18
18.78
-97.16
-87.54
23.34
84.08
-37.53
-80.37
45.20
40.03
-96.73
-0.80
-91.16
-86.01
85.40
48.69
-10.05
-19.88
40.23
-72.76
-33.18
34.77
61.19
28.70
28.03
-40.72
19.14
50.72
28.15
79.23
-5.49
-32.19
-78.11
-93.55
-18.97
-37.38
78.29
-66.96
87.22
53.36
77.56
60.69
-96.00
-57.52
89.35
72.39
4.44
-34.57
-76.07
77.00
7.25
21.06
68.67
76.00
54.58
-95.20
-57.56
-92.30
-92.00
85.37
32.84
-0.28
35.72
48.34
-49.43
76.43
-84.25
-77.82
86.63
-49.09
66.97
99.97
-74.29
81.18
-23.97
-67.35
-2.21
27.23
98.55
-17.13
-79.73
-86.85
-95.60
79.17
-14.86
-40.32
-90.42
-25.37
-38.86
-58.79
39.34
-3.92
6.31
25.14
34.42
-87.03
-70.37
79.35
-45.86
28.27
65.50
-61.15
58.14
46.75
37.16
-16.27
88.54
-69.48
-53.49
99.05
-50.38
17.90
81.37
-83.94
-45.52
63.89
-30.53
14.32
-14.33
-51.53
-22.84
85.94
-22.66
67.47
-42.35
-91.46
-71.90
-93.61
96.91
-35.28
-16.29
94.60
13.99
-42.04
-83.91
-73.10
44.09
65.16
42.01
17.20
-37.38
-86.27
84.67
-4.35
-72.37
95.57
96.89
2.13
83.32
-96.80
62.73
-71.55
-82.56
11.23
-90.07
51.52
69.62
-60.86
-41.67
14.62
-36.20
55.74
-11.08
4.88
3.17
49.65
-80.17
-34.93
40.32
46.62
-74.37
57.15
61.44
96.89
62.73
2.17
42.82
-92.66
85.32
-15.78
6.56
-13.86
-17.22
-1.73
-34.26
-12.60
-92.52
-33.64
75.04
37.10
-79.80
-99.47
-48.43
65.41
-32.32
4.95
-48.84
20.77
-88.68
-53.03
-17.00
-48.37
63.51
-61.79
-99.68
30.87
28.03
-74.66
-41.42
-42.44
19.96
-20.86
70.69
-26.10
-96.63
19.82
0.85
-59.08
-26.24
85.40
88.90
83.84
-93.83
86.93
-11.26
-10.28
-4.61
-41.00
90.86
-82.66
22.69
94.05
-69.47
78.43
54.37
99.62
72.06
-61.38
-88.80
-36.20
-13.03
71.93
81.08
-68.71
75.76
46.00
-60.75
-31.60
-0.05
57.45
-15.07
-45.89
15.45
16.25
-80.05
-85.72
-88.68
-80.32
37.83
72.13
44.56
78.78
35.20
29.20
95.59
43.96
-68.86
-5.88
-46.03
-11.28
65.33
54.29
72.94
-66.21
-50.71
38.37
52.75
38.53
-73.45
-68.04
-87.64
-45.13
63.93
31.27
-79.30
-2.11
-12.78
76.97
-63.40
50.68
58.84
-19.30
27.11
79.89
-75.74
30.45
37.38
12.09
81.19
83.54
91.48
-89.67
-67.89
14.30
-33.50
61.37
-36.77
-46.66
-78.64
31.09
23.82
-26.24
2.29
-3.23
-33.67
-38.38
-83.92
-0.64
58.84
39.29
55.82
62.93
-69.28
38.06
-13.87
-97.89
-27.38
98.25
-37.10
-96.78
-74.71
-84.08
-22.89
17.48
3.77
82.53
-7.17
-15.44
27.59
-78.09
85.20
93.16
-93.08
-52.15
-38.89
69.50
-73.69
87.93
-91.16
0.97
40.41
29.99
-81.04
22.81
97.17
-69.25
44.34
-19.75
-15.07
-90.52
76.94
-60.06
-80.92
58.06
74.67
-33.39
-98.19
89.54
8.62
20.59
94.61
73.91
-72.89
20.16
5.44
-88.23
29.58
-21.07
37.60
-64.19
94.24
-5.05
34.94
31.32
-80.32
-56.93
-19.55
93.64
11.09
67.05
17.83
83.07
-32.47
80.73
56.93
63.03
92.56
-24.31
53.31
21.39
-7.71
75.39
-79.47
61.25
90.71
-32.11
97.99
75.24
-22.40
36.88
87.38
61.31
-80.61
-19.43
65.46
-18.94
-1.73
-89.16
-50.83
-50.65
-56.97
-89.16
-33.10
-95.97
4.71
17.47
-40.25
-88.11
-68.47
-96.93
70.01
22.78
-39.21
70.76
67.64
64.46
-88.70
63.85
79.26
-15.66
16.33
85.38
-8.50
-40.73
-72.70
54.58
-94.91
48.91
43.66
15.08
-48.84
-47.83
37.36
53.00
-99.56
-86.34
-82.20
-59.93
10.34
78.49
17.90
21.49
9.15
-84.13
76.41
-36.17
-16.26
-8.21
-84.68
99.13
5.53
-18.47
8.68
54.81
43.24
-68.92
-48.58
14.81
-99.29
-10.37
-68.22
65.18
64.94
95.66
-63.52
-44.59
99.77
-47.96
-30.96
-93.51
-33.81
-89.75
-67.39
69.24
20.29
-55.44
38.09
46.42
92.33
81.09
85.82
98.06
-33.91
82.42
79.78
-20.24
-54.34
-72.33
66.06
37.39
10.05
-40.60
25.37
-74.47
-26.02
-76.65
-76.40
-0.75
-55.18
-81.65
-26.33
-39.47
53.10
-20.17
-38.98
72.38
33.68
-87.03
-70.54
75.26
62.59
-85.74
33.97
57.92
-9.53
1.14
15.24
3.84
-98.93
44.58
-57.40
43.60
83.25
19.90
-14.21
-46.34
-52.37
89.51
76.99
-32.91
-9.99
25.62
-99.00
-88.01
-17.37
-98.34
45.58
30.75
-4.27
71.86
9.18
-49.23
18.62
-10.23
-24.96
66.53
-39.57
21.26
-78.81
-83.58
-28.28
69.91
46.12
41.42
33.37
-84.74
35.59
67.21
36.87
16.36
-59.97
26.61
-10.33
10.36
49.09
69.84
-55.15
66.82
16.81
72.38
-48.86
-54.51
-17.01
-5.73
77.69
71.21
31.25
-29.80
-64.23
-50.90
-16.52
-62.53
66.47
51.96
33.40
34.61
-81.32
63.66
63.98
-14.16
-99.10
36.33
-96.26
-27.49
-10.51
18.29
59.03
21.36
-79.93
66.90
19.28
-77.22
47.86
39.43
-72.54
-32.05
-88.92
15.57
53.61
-70.26
-48.48
-9.73
-23.74
-84.52
95.71
-11.64
8.25
-50.08
77.80
-77.91
-80.92
94.08
3.79
33.40
43.39
-42.47
40.96
-8.26
94.27
8.77
-66.93
-78.31
-46.48
20.46
-54.69
-77.25
-93.08
50.05
28.97
20.47
0.74
68.19
41.43
48.09
-22.48
-74.24
40.43
-60.08
27.32
-47.38
-49.29
72.47
-58.16
6.09
-74.01
-79.50
-19.93
41.50
-37.07
-24.85
0.85
-52.86
83.49
-38.75
71.92
98.73
81.63
74.80
-31.34
-22.65
-27.01
-29.75
-14.43
7.62
92.60
-18.94
43.93
94.42
-1.85
-61.24
21.02
-30.67
11.45
-23.86
-86.08
-49.58
2.06
-48.20
-60.25
81.29
20.27
77.46
56.96
88.84
8.96
37.17
-47.12
-80.21
-45.97
-30.63
17.21
72.62
-33.95
3.06
86.71
-76.40
2.49
89.50
-77.84
28.43
69.76
-94.91
44.23
-7.36
38.38
40.68
-42.20
-5.81
-13.15
-40.48
-18.91
47.00
52.44
75.27
-5.78
-98.53
6.27
-2.53
52.94
37.29
88.00
-96.60
13.44
-9.11
75.14
-77.79
-31.24
53.09
67.32
-46.99
9.38
91.56
-24.23
-61.10
-44.53
-30.10
-83.35
56.57
-71.40
-56.09
-73.41
20.83
-21.09
-8.75
-56.06
90.84
-5.00
-79.78
64.59
95.39
42.38
-98.78
-74.46
99.76
-38.77
44.41
23.20
58.83
-14.29
34.32
0.89
-47.67
-16.89
47.18
-69.00
-82.87
-20.33
48.73
5.18
-45.79
-12.92
-17.95
62.89
45.82
32.55
0.09
-73.52
-12.75
-80.08
20.88
-14.91
-32.85
4.99
-68.35
-68.50
-91.99
18.98
-5.13
-41.22
69.22
32.36
51.62
94.71
-34.34
1.12
41.19
58.21
-16.85
34.89
-42.51
44.28
62.25
-79.78
83.68
63.89
-87.19
-7.22
2.84
49.81
74.89
95.01
17.00
-86.94
-48.85
6.14
4.99
-83.62
40.46
97.73
73.52
79.77
80.66
82.45
77.71
26.25
-74.38
-1.69
-67.74
-19.68
-6.78
-73.51
-9.88
4.36
25.66
-47.77
3.25
76.21
-32.02
53.86
-76.47
-25.26
-81.04
46.50
28.70
-96.08
-44.05
-20.88
-36.59
47.10
62.38
71.83
-96.69
-81.41
-41.40
57.67
79.12
-39.13
-11.72
-84.97
94.17
-53.42
51.34
37.09
90.22
98.64
-92.63
79.80
-2.30
-94.61
60.80
-98.95
-59.98
-26.23
28.10
-15.98
9.76
21.05
54.86
99.05
94.92
44.63
-48.51
29.37
89.38
72.78
-10.58
60.69
70.52
-55.11
9.53
79.82
-42.34
84.48
-70.51
42.20
8.00
53.67
39.06
-53.85
-83.93
-86.66
-27.14
67.17
-55.58
6.16
40.48
-7.39
-85.79
89.79
-54.18
-84.85
-88.79
19.35
-71.55
25.52
99.45
57.20
45.16
-50.22
-54.91
-45.12
66.06
0.32
