49.65
15.70
13.09
49.61
-46.98
-53.86
-70.78
66.40
97.15
-73.39
-31.32
-6.56
52.87
48.77
0.97
-28.27
45.84
-83.80
-8.82
-57.59
21.20
78.64
-92.16
50.86
-15.38
-18.07
66.16
82.10
-23.63
64.84
-60.23
93.72
-87.70
32.39
47.62
-47.49
-0.94
40.88
43.38
-47.58
-13.05
89.38
-32.48
65.32
98.23
-2.85
88.04
25.93
-67.73
-12.88
-37.28
-62.05
7.27
-10.22
67.91
94.40
-39.21
-56.50
0.55
-98.44
-76.26
64.96
2.59
-90.16
-43.65
-35.40
-32.10
19.81
15.32
-21.17
-30.97
98.69
63.60
21.57
-53.96
96.03
-61.29
-28.83
-81.44
-20.43
-20.62
70.36
40.10
-23.33
20.01
-9.68
-47.58
-98.51
-10.61
90.39
29.83
25.43
81.20
-27.44
-79.21
-7.11
-98.26
-90.69
-90.24
-60.03
70.25
18.91
-58.60
-70.65
-29.05
-54.39
69.76
2.52
5.90
-22.57
-72.03
42.03
23.28
42.49
34.29
67.12
-76.95
44.65
33.45
-28.46
-18.26
-54.39
-65.39
32.25
45.18
-54.83
-86.05
52.91
-95.79
32.92
-3.61
93.59
43.40
50.85
18.63
-20.96
56.17
36.03
8.06
21.09
79.31
-67.86
-76.33
70.42
-58.59
-86.56
2.55
-16.81
-40.33
-27.61
-33.09
-22.52
7.66
94.63
-50.82
67.47
97.46
63.25
-83.84
-5.44
-71.17
62.79
4.34
72.55
-19.76
-4.62
53.32
96.90
24.58
-5.83
-79.66
33.64
65.07
91.53
30.85
18.45
83.42
78.25
17.13
74.03
8.76
-23.94
-11.76
96.55
-94.94
71.22
-17.81
3.01
31.21
-19.23
68.13
8.05
-49.90
50.34
-12.06
-51.79
4.91
90.58
-31.35
-77.50
20.97
-10.16
-82.82
-46.94
33.31
30.73
-88.25
-63.40
-92.61
-94.85
52.81
49.22
-76.11
-30.17
19.76
24.91
-81.96
-3.26
-74.03
32.34
59.34
-4.21
64.63
5.94
-69.04
-35.89
-1.45
-44.51
3.51
-12.46
-93.67
43.38
57.78
-78.27
39.15
-13.39
-25.47
-17.59
65.60
41.38
8.25
74.20
56.03
-49.47
94.01
-55.85
74.01
-84.24
75.01
-9.91
21.43
37.69
-69.29
62.97
9.76
-25.00
48.61
-82.86
-20.99
-99.79
63.97
-99.39
49.88
5.79
-29.62
95.50
10.61
23.81
75.30
-25.49
-80.85
-84.81
8.44
91.87
80.63
24.05
82.92
18.87
-38.28
-4.40
62.11
-62.58
49.94
-94.04
59.87
-96.40
1.54
-16.07
33.56
-81.08
0.28
6.35
-84.63
20.85
-15.25
0.24
34.69
-87.09
-55.49
-88.92
98.96
68.93
6.23
97.13
95.95
-99.89
19.86
89.84
22.50
39.15
55.36
-10.09
-14.15
20.72
-44.66
-72.40
-7.86
-1.61
-49.45
81.47
40.86
58.78
77.09
71.26
67.41
87.71
31.18
-93.84
-59.00
-63.93
-34.96
46.81
-5.70
-53.23
-12.65
-40.41
-13.48
-84.30
64.72
51.27
-82.11
56.29
71.87
-95.02
-32.15
79.09
88.23
-39.05
83.57
95.08
-56.28
-95.21
-72.78
86.31
-93.92
-10.65
-38.78
54.83
-70.50
-24.56
-91.64
-79.85
41.18
69.67
46.13
58.28
-7.57
37.47
62.43
-88.52
50.46
-39.72
-43.37
3.50
35.34
-22.02
-59.68
34.69
-10.21
-75.94
-76.13
58.11
-22.80
-38.35
7.20
75.35
37.04
71.87
75.80
62.50
19.66
86.68
-24.98
23.57
-89.80
54.89
-48.10
35.22
-73.47
25.40
-77.72
-5.43
-78.93
14.49
-90.67
-46.57
83.08
32.04
37.71
-47.58
81.12
1.58
-18.88
-74.32
65.02
-88.19
-68.18
-71.16
-13.06
-51.75
-56.56
44.84
-97.05
-50.30
23.07
16.76
-92.66
17.66
43.60
90.65
-42.86
-46.62
19.36
45.31
53.37
-72.15
94.85
37.97
-98.41
87.07
98.27
-46.84
66.75
62.62
-28.61
-7.29
60.51
48.40
-92.11
-62.02
-22.21
-7.56
27.18
-39.03
63.69
74.87
54.54
71.93
66.27
-48.72
-89.89
30.76
-68.40
0.13
-66.25
78.99
57.88
-5.87
91.97
28.32
22.87
-53.50
-57.30
34.88
27.74
-46.64
-59.13
-81.69
-17.66
19.16
34.33
-55.01
-83.28
-40.32
89.86
-29.79
59.46
-80.33
42.25
-79.92
87.39
-51.02
1.15
-93.66
27.20
21.85
54.73
-8.20
-25.87
83.95
30.88
4.81
60.85
-30.02
-21.00
-71.32
16.68
-45.34
-13.59
-1.26
-77.58
-73.29
18.94
-81.54
-98.72
-33.87
-24.03
-48.65
29.05
30.96
80.60
8.05
94.37
83.61
55.96
-26.56
41.52
22.01
15.22
-99.52
91.12
20.10
76.62
-83.52
-64.36
31.43
-99.96
-60.87
8.18
82.84
-1.98
-44.69
-9.38
-66.57
-34.19
66.23
14.27
-89.16
-78.23
57.18
2.30
77.40
6.79
87.71
19.51
14.94
53.43
82.52
72.50
38.44
70.31
-83.55
91.23
-20.10
85.91
51.95
-1.96
-11.86
-69.16
34.75
-52.70
98.29
-18.22
-24.70
-78.62
97.96
12.79
62.30
-88.58
-73.12
28.31
-67.57
70.94
20.81
-54.16
-79.52
-5.68
-6.85
95.82
-39.97
99.27
-98.63
-5.70
-56.82
0.93
-45.51
21.79
-81.77
35.59
8.76
-59.52
-45.97
-78.15
79.27
74.71
62.23
64.11
33.65
-94.91
-9.73
-18.00
73.66
-51.19
-32.16
-59.40
32.61
86.88
-11.95
-30.57
92.28
-44.00
-24.01
-25.22
39.18
-94.12
-89.41
-4.58
18.61
-2.48
-56.97
-17.12
61.66
71.04
44.24
78.82
-96.74
58.96
58.99
-15.15
-46.09
-91.66
4.70
99.05
-48.32
37.59
-29.77
-20.94
95.57
-69.90
3.71
-61.85
47.51
-11.65
30.20
42.10
-56.53
24.04
-47.54
68.72
-20.67
74.03
17.21
65.37
24.85
21.83
42.79
-17.20
62.91
-11.37
4.90
70.12
70.39
98.87
53.56
43.55
-96.55
25.23
24.55
99.02
39.67
-57.80
-1.79
83.06
-67.89
42.60
12.76
-56.79
67.32
-88.30
76.66
-34.35
7.38
-71.28
66.14
-67.94
30.06
-56.54
59.06
2.45
34.29
38.15
72.05
64.26
20.63
74.83
-26.70
42.98
66.63
81.68
-6.89
8.42
-15.52
-87.69
-53.97
46.97
-55.89
50.91
-32.70
86.45
-85.85
31.69
61.47
-24.74
-86.09
-28.63
34.14
-77.70
20.70
79.87
-45.75
-83.96
77.28
-51.46
-20.02
44.01
-26.57
36.97
-96.62
23.69
-59.44
90.65
-93.90
-1.02
13.61
-10.62
85.93
-79.29
5.55
-16.05
22.95
98.16
10.32
-43.26
-22.86
26.98
94.24
-33.62
7.68
-71.14
22.59
-29.44
57.49
-60.43
63.47
66.82
-49.20
14.04
81.96
-44.31
73.47
-83.36
-18.15
81.61
33.29
-26.49
-87.30
-33.79
23.23
-87.79
-61.63
26.76
32.12
97.67
-12.43
45.00
-18.71
79.26
-42.79
-12.34
20.30
50.19
-12.82
-35.81
-17.22
-5.51
30.43
26.23
91.45
70.02
-29.42
23.46
45.28
96.63
21.88
-11.17
-14.71
-65.20
5.15
44.56
-12.84
11.66
73.52
90.11
56.80
-39.53
-22.08
-22.27
65.11
33.15
-93.17
-82.52
76.53
-51.54
95.54
60.62
-56.14
-36.10
-45.41
69.47
29.71
-19.43
-84.52
49.23
-96.10
6.88
90.54
-26.19
98.14
-68.77
-31.51
-8.95
25.21
-50.18
-86.30
11.89
-9.11
-47.18
-41.11
8.86
75.75
-32.71
1.09
-37.10
-36.45
37.01
58.10
66.09
-20.64
54.93
-39.23
1.73
5.96
96.90
98.02
-5.53
35.13
-55.02
37.07
-33.01
-67.37
9.47
-21.53
-31.50
29.87
-7.93
86.56
-38.22
-35.26
-17.14
88.70
5.78
-28.47
41.62
-34.48
20.20
-79.92
8.29
-46.60
-81.46
82.30
94.43
67.28
-11.78
-85.81
-96.63
-47.79
8.11
-19.40
95.11
65.96
62.71
1.55
-34.78
-3.74
-45.97
-43.53
-23.23
23.39
97.12
-13.39
-4.95
-6.36
-42.36
11.03
76.28
-19.33
-83.09
2.88
-93.92
4.16
11.51
53.07
69.93
83.09
61.62
-26.51
-6.92
-37.19
90.73
-23.48
55.58
38.83
12.22
85.41
-28.21
22.34
94.09
-51.65
-74.69
-24.88
35.41
65.85
67.64
62.05
-8.06
-81.81
27.43
-30.00
-25.53
-67.00
67.68
23.05
-1.43
93.43
11.14
-63.88
1.37
79.74
-71.75
-14.23
-75.91
-23.80
57.49
95.08
73.93
78.25
16.91
-42.79
-26.79
80.45
-37.80
66.17
79.66
61.99
84.60
96.92
-57.11
-83.23
-16.75
44.58
60.07
-15.51
-52.32
-21.88
85.43
-35.02
40.22
-40.97
4.93
-55.54
-55.32
75.78
71.95
-41.48
-58.15
-45.39
69.16
27.82
64.55
77.90
2.43
-76.42
92.01
34.22
72.72
-98.99
72.90
3.85
73.86
96.64
-15.13
27.31
81.14
19.28
3.30
-40.93
82.98
32.75
-85.34
85.21
-98.28
-28.10
-18.81
-55.43
-45.25
-61.27
43.36
-78.20
46.05
-75.34
72.75
69.82
12.32
-8.58
-71.22
-93.01
20.06
33.02
-68.92
-5.00
-61.35
23.10
66.74
-34.03
-23.91
56.95
-16.85
-75.67
4.97
0.37
1.43
68.46
14.97
80.70
51.28
33.12
-5.45
-24.99
29.52
65.46
-16.53
-83.71
66.96
-96.82
9.54
-75.35
-97.13
66.03
-83.54
84.33
-11.64
-8.76
23.82
16.61
-35.83
-78.22
-84.77
-22.83
-5.89
-75.42
96.20
-26.76
3.35
-57.52
53.25
98.58
-2.52
74.08
3.86
-4.27
68.45
64.06
-50.28
-81.43
58.05
10.64
14.18
-47.28
-1.47
-79.36
18.14
27.55
-22.95
-90.51
4.59
60.18
65.94
1.71
88.08
81.07
36.43
28.47
58.10
59.29
34.76
9.00
-55.40
46.89
-79.88
52.76
58.80
-46.27
53.75
98.68
-50.20
98.11
21.05
-48.37
-97.35
67.04
19.11
-42.55
-43.40
19.30
-79.66
-94.02
15.37
25.38
-77.05
65.54
91.13
51.37
-5.46
-14.42
5.96
-72.87
-24.29
64.94
-96.06
-56.31
53.74
-88.52
11.71
3.98
-43.00
41.18
73.25
-17.16
-61.69
30.13
-60.49
62.13
-66.66
56.45
88.55
-96.21
8.92
-45.01
-33.59
-38.66
51.33
25.82
62.90
-25.66
-98.45
-55.81
36.38
-25.71
-96.91
46.14
-6.50
-79.57
-27.33
-18.56
95.16
-96.22
-42.53
37.03
63.20
22.80
43.72
99.80
68.77
-92.07
-79.09
44.58
-16.23
65.93
-50.42
69.28
38.29
44.18
-84.82
-27.30
-30.50
-46.61
27.56
-78.27
79.65
-7.28
-22.85
49.63
28.33
10.33
-68.03
-40.67
-38.69
-8.65
97.90
73.33
5.45
-28.45
91.92
63.90
-90.62
-83.65
-99.80
-32.73
66.29
-99.40
15.36
-39.77
-27.50
-38.79
-14.94
29.23
-5.02
65.56
-96.26
-69.51
29.59
14.45
-56.78
61.39
-95.88
84.96
24.43
69.56
-52.71
53.48
-56.27
4.99
-29.61
-12.98
-42.25
79.79
-38.46
-88.05
70.00
-98.26
-5.70
0.99
93.93
-56.05
44.25
6.39
23.50
34.72
-95.97
-32.15
-66.33
27.53
5.71
-36.61
-37.49
-29.43
28.16
80.28
-47.45
78.14
80.96
-16.13
-73.80
12.78
-44.40
55.88
46.15
63.40
-59.46
4.43
-15.32
-21.82
-61.16
26.28
-61.58
16.84
-34.88
-77.15
-4.53
-54.07
94.78
-24.44
30.29
33.19
62.89
22.59
-33.83
-33.86
46.38
-4.17
88.92
65.46
95.98
-91.59
-69.99
-65.16
-70.81
15.35
-13.66
95.49
-96.17
-42.28
-68.79
84.80
-98.96
11.09
-97.10
-5.63
-58.85
-76.80
48.35
97.31
-34.13
-79.73
-34.14
-76.61
-66.94
44.39
30.21
85.02
-56.46
-81.24
89.52
59.81
28.57
-60.52
-29.23
71.60
-39.14
-94.01
-69.88
-51.44
-58.75
23.11
22.44
-45.44
13.20
-89.15
76.62
84.02
0.04
-6.26
-71.01
-43.16
44.09
75.99
15.76
86.94
46.35
-66.89
8.80
-27.95
-11.74
68.89
-95.97
8.59
-89.65
68.88
-24.07
-67.62
70.22
39.80
63.25
84.42
-9.78
7.76
66.11
27.22
-82.53
39.21
25.90
33.74
18.96
52.50
80.84
54.97
46.28
51.56
-97.33
-64.88
-79.16
19.45
89.34
64.55
-13.95
-19.99
35.35
29.77
-37.37
-86.11
-1.61
-88.21
85.27
97.26
-22.44
63.12
31.81
-41.84
-3.70
-57.10
91.84
92.07
12.04
-16.34
87.35
-68.87
75.46
63.43
-39.26
20.24
-10.75
-88.06
-94.70
-37.52
16.80
-25.32
42.62
75.60
-52.27
-97.02
56.50
44.13
-38.24
-11.48
14.04
56.26
5.26
-72.57
-87.60
-3.16
-95.21
-85.19
-68.89
17.05
66.47
19.71
-9.25
47.14
64.71
51.13
39.03
-51.73
84.27
-85.77
75.17
-12.15
5.70
-70.40
20.39
80.54
-67.61
32.58
30.17
-68.33
-84.32
85.17
72.69
71.96
-87.49
93.40
-47.36
10.35
-47.42
21.49
22.86
-94.15
68.19
73.97
-54.49
80.66
-53.62
-59.30
80.39
51.49
62.11
-0.03
11.29
-26.06
67.78
94.46
91.44
97.40
11.86
71.57
95.79
-25.68
-24.60
-66.81
-55.31
96.46
74.35
-47.54
-87.24
23.54
74.28
-3.70
-94.22
32.74
-35.18
-73.76
-44.75
8.31
-7.31
-44.16
50.04
66.64
50.11
68.19
-27.14
28.18
-24.37
-82.79
-81.10
-3.75
-24.52
3.66
34.51
-62.48
8.53
-93.38
33.32
-96.87
89.19
-11.73
76.28
79.98
-4.56
-19.71
-96.72
-87.16
-75.77
70.85
18.61
-68.87
-45.40
-96.76
68.43
-12.42
69.27
27.14
75.96
32.95
22.91
-85.52
-94.04
8.20
46.65
-94.33
34.97
-12.60
-47.40
40.13
59.62
-46.87
-51.83
-18.81
-82.33
-86.98
7.60
42.02
-15.88
-43.77
-39.98
-63.23
-42.72
26.71
93.81
-43.68
2.07
29.38
43.71
4.66
93.03
-73.29
-51.52
-51.83
6.03
91.51
-28.39
-22.73
6.01
49.05
-16.01
53.51
-59.56
-47.44
-88.23
-13.70
62.11
-93.66
-70.65
64.62
-57.60
-77.45
20.76
80.56
43.13
-67.46
-22.59
-70.31
-22.42
-7.63
-76.41
74.27
48.84
35.40
65.60
-91.29
20.24
83.05
25.20
23.68
41.70
-95.73
-82.22
69.84
-87.54
-89.40
45.79
70.99
-49.36
-89.97
-61.28
-17.42
-64.28
-35.35
-50.78
40.17
-13.48
-35.70
18.08
2.68
54.16
-54.09
80.35
85.63
-61.96
-34.23
-96.78
-10.32
-80.93
61.23
40.30
39.45
48.00
35.05
-17.08
25.07
22.73
-76.98
2.25
-5.75
-81.65
-7.67
-65.00
-76.43
19.14
-40.57
-3.13
-46.57
72.16
85.25
24.57
-17.55
51.79
14.16
-66.30
-5.27
39.26
99.67
-6.55
81.38
66.02
52.21
26.36
-44.70
-81.87
12.51
-33.37
-72.19
78.36
-80.37
-52.04
49.39
-53.64
79.81
-51.26
-16.74
50.32
-19.34
91.78
49.55
84.95
72.06
-5.05
85.70
-96.11
73.02
-59.97
64.39
41.91
-7.19
-20.27
-32.67
99.69
-16.79
-38.36
79.32
-21.30
-67.83
68.58
50.54
21.25
91.68
-73.65
19.98
92.90
-71.87
83.37
-51.38
1.02
-24.41
57.47
-31.00
2.21
-47.50
-39.10
-30.90
-73.59
37.72
-53.96
-65.07
-48.30
45.49
69.31
-30.52
-42.15
-69.89
61.11
57.88
-93.63
4.00
37.10
-88.59
31.59
-23.23
6.25
98.38
-1.16
-67.35
77.03
70.99
-7.20
-28.38
9.52
51.33
-99.98
79.75
-8.73
29.88
39.19
-78.79
9.21
-72.61
88.24
-0.23
-80.32
-29.39
73.38
-52.59
-5.10
3.91
-29.03
23.80
22.56
-78.97
-83.00
-82.24
-56.53
25.12
-74.12
-15.30
-60.59
91.22
-72.43
-60.71
-55.53
86.12
-95.52
-36.60
14.53
-83.16
-11.15
-48.87
19.44
65.76
25.49
-84.28
-45.48
53.66
-60.93
-55.19
-77.99
44.02
85.76
30.36
-5.21
-60.75
63.76
87.61
7.26
22.01
71.60
-93.83
-90.90
5.68
0.29
96.55
19.85
-95.29
-36.17
65.60
-40.49
-33.54
28.76
96.37
-91.69
65.87
-95.80
-53.62
-90.53
-8.90
-17.55
95.91
53.12
92.84
19.54
-80.04
-43.31
92.49
-22.31
-97.45
80.59
-17.54
91.05
-34.78
-25.39
-30.23
70.94
-20.25
-48.71
-54.18
39.96
-77.57
-33.46
76.18
-82.37
80.30
-80.85
-90.42
-56.24
76.06
55.79
-60.46
24.61
-78.93
-82.13
-38.81
-82.76
-66.47
68.82
6.43
40.16
89.75
-62.18
22.32
38.10
-88.72
-81.05
44.41
-79.03
-37.21
33.00
-11.12
71.03
23.35
-49.00
-37.54
-77.55
-15.21
-34.80
23.06
-48.96
-73.70
-90.44
94.42
57.34
33.59
-56.66
66.64
49.55
-55.30
97.57
-29.62
-39.54
61.37
-55.71
20.10
67.62
-80.17
88.82
16.20
58.30
86.39
-58.55
19.35
72.01
-10.23
73.11
60.20
99.66
3.84
41.07
63.94
52.55
-59.17
30.36
56.09
81.40
-55.40
-1.66
-77.71
-81.96
42.87
-54.36
-45.61
17.64
-89.19
-4.45
45.45
-58.07
-60.11
-70.71
15.89
26.79
-40.51
-41.71
-68.72
-27.53
74.61
-49.77
65.80
25.16
-68.78
86.56
52.22
78.73
61.95
97.06
-3.05
18.84
-66.57
50.90
-78.68
-80.03
23.17
-40.58
91.44
-70.60
-99.51
98.25
-63.36
-55.04
-42.93
48.64
-8.69
-52.02
4.64
-91.34
-11.51
25.87
-60.87
-30.42
-80.28
-45.79
-32.75
9.36
-89.80
56.24
-27.70
96.14
40.71
-76.72
-55.77
-13.85
-95.64
-85.61
-39.64
49.67
-36.93
15.82
44.45
55.40
-26.09
-4.68
47.10
-83.67
92.06
-10.22
-29.30
-25.35
33.16
-51.90
27.38
-50.71
-71.53
-34.78
67.50
78.84
51.87
-82.86
-42.58
22.47
83.08
85.15
-23.60
-64.32
-36.57
-86.26
58.87
75.88
-72.31
-73.93
-72.57
-71.42
43.60
32.79
69.47
-10.40
-66.45
-79.66
61.88
13.91
2.27
66.07
-8.60
-75.64
33.80
4.25
-21.12
-30.70
-37.42
-20.35
96.92
93.18
-25.62
91.92
52.93
74.07
-8.67
35.52
53.96
74.71
-13.71
19.31
-64.61
-14.40
19.72
-43.71
-79.44
70.86
-56.34
56.18
69.35
46.65
18.84
67.71
-68.84
57.19
-26.58
8.39
-87.53
-29.07
-79.67
49.57
99.82
61.62
-29.78
-81.15
48.02
-30.65
-0.15
64.55
-82.29
11.25
57.11
16.48
-73.24
70.75
37.84
61.12
-8.66
30.16
0.07
-34.28
-47.77
50.70
85.36
-67.48
-40.58
31.46
80.02
-95.67
33.68
-77.56
-23.92
66.85
38.04
17.70
-49.74
-64.91
-9.14
96.22
-61.45
95.57
37.47
-89.39
56.03
78.63
65.58
0.52
-72.40
6.31
53.60
67.33
2.25
-45.85
38.25
32.94
-79.33
41.79
-51.01
-78.78
89.78
39.37
84.20
2.95
-63.86
11.33
80.71
30.57
97.02
-78.33
65.42
17.10
-23.72
-58.82
66.26
52.93
-97.96
-61.76
-92.27
36.29
-75.91
50.83
-1.95
-57.18
-74.47
88.12
-93.19
73.26
92.16
44.82
-18.08
86.51
84.49
-53.03
-86.27
31.18
-69.64
23.45
-39.71
36.99
45.55
99.82
-55.87
-89.24
41.91
70.31
52.42
-87.24
23.05
25.31
31.21
37.09
-27.93
5.07
27.68
99.09
-86.43
33.45
-72.36
-75.77
83.63
-82.51
94.94
15.38
67.20
87.33
-7.13
-15.70
-87.10
-95.05
-5.13
-75.17
-89.38
4.20
26.42
95.58
-26.30
-96.60
-82.20
-43.83
95.32
-77.35
67.20
-96.31
42.17
80.50
13.81
98.02
-69.16
-7.97
42.65
49.85
15.42
10.52
-88.34
90.05
96.09
-29.33
-14.32
-98.71
-99.14
14.17
72.59
78.89
-39.47
42.98
-50.40
86.45
-70.24
61.98
22.46
-20.24
13.66
92.26
32.85
39.06
-17.81
27.23
44.66
-95.77
99.47
-52.14
39.98
-26.74
-22.33
37.79
-33.23
-3.96
-80.85
-53.57
-76.17
-98.50
70.64
-34.24
17.53
-67.63
11.95
77.72
-65.42
79.24
-81.91
-80.91
-23.57
-96.90
-81.41
48.87
29.12
-6.78
-22.85
-45.58
7.35
-96.39
9.01
-20.76
-9.81
91.84
2.98
67.73
18.39
-91.16
-70.84
-58.07
86.83
-64.31
97.11
-43.79
72.53
-10.52
20.10
11.02
34.65
-15.47
31.74
-80.71
-66.94
83.97
-35.19
-69.61
65.27
61.18
65.45
-62.34
-33.27
84.25
56.14
71.49
-66.76
24.89
36.20
-15.55
-11.60
57.24
42.83
-33.17
-56.08
-42.53
-35.86
24.53
-15.48
49.54
89.99
46.28
-47.54
21.24
84.99
11.02
-66.17
82.15
-89.51
-68.80
-54.26
-62.09
86.77
-36.43
46.44
-47.76
72.15
-84.74
-24.30
-28.37
32.29
-78.79
95.26
71.78
85.62
-16.97
-57.26
24.24
-6.77
-26.60
60.40
99.62
-76.70
-88.60
-81.09
6.62
-45.67
98.59
58.21
-65.09
24.88
0.75
86.07
10.90
78.64
85.52
-14.78
35.83
-48.66
51.96
-2.15
85.81
-32.88
11.88
74.72
-84.10
-52.10
88.90
51.32
33.39
-16.81
40.54
-54.45
88.22
51.30
-99.90
1.94
85.25
-27.70
53.26
70.12
-66.64
-89.34
90.30
13.75
-56.59
33.80
0.97
-12.46
28.31
-57.42
84.21
46.77
-32.58
-54.00
64.57
37.47
-38.10
-84.46
-65.08
14.36
53.26
-8.94
75.02
91.95
85.04
86.63
3.24
-30.44
-23.70
74.43
94.17
59.17
-99.96
-76.17
-45.26
-48.80
6.88
-40.45
-16.48
-61.53
59.83
-50.83
27.30
-54.72
33.94
-52.86
-33.61
-70.62
56.93
54.97
-54.97
95.16
59.09
-2.41
5.74
36.41
85.38
-92.92
12.07
-93.54
4.97
-24.33
59.56
-58.92
-25.53
30.12
-98.03
-21.13
65.69
71.46
48.69
64.76
-71.91
83.11
46.40
-60.82
70.58
-92.34
92.15
-59.68
35.80
-46.05
45.48
34.85
51.85
73.52
-3.58
41.71
73.14
-94.22
-5.84
39.77
-67.69
9.77
-97.87
97.63
-66.35
-66.69
91.72
78.48
-29.69
85.59
-52.04
-3.68
-0.82
-97.61
67.80
93.08
-46.60
-76.42
-32.20
-91.37
-34.47
-75.16
-4.80
43.90
-76.33
40.34
-28.37
55.39
-86.46
79.58
-65.22
4.87
27.39
-32.19
-7.16
30.21
97.34
90.31
64.88
93.23
28.01
22.23
-10.20
62.35
26.02
13.80
25.15
80.14
90.60
69.44
-35.35
91.16
12.51
15.27
25.89
-30.81
-19.52
50.74
-86.47
-37.66
25.18
64.68
-27.31
-7.63
35.34
-50.50
21.56
-76.12
-18.96
27.21
60.89
23.20
7.06
-81.91
-95.54
-26.95
-28.50
17.12
22.18
51.85
77.17
-70.99
-28.33
59.73
-87.86
16.93
9.62
-57.45
-61.53
56.07
-6.13
90.09
81.83
-26.35
17.19
-3.99
16.47
13.07
-94.08
77.77
-51.38
-49.00
-80.33
82.44
-95.97
8.34
-28.59
-94.09
93.64
-44.78
-54.07
46.42
46.23
21.25
96.26
82.15
-82.20
0.32
-63.97
-11.43
29.61
52.80
-87.93
76.50
31.26
-25.26
-65.13
-33.57
41.19
31.01
36.68
-32.33
51.28
-77.54
-17.47
-75.18
-25.56
-95.34
-7.82
-66.97
0.02
8.45
-31.23
-54.43
-49.18
-79.37
24.47
47.98
42.80
26.05
-64.45
92.57
43.86
9.88
-7.31
57.46
58.97
71.08
38.76
17.31
-13.27
51.17
-61.49
71.06
-10.13
82.05
-67.07
44.21
35.44
-70.39
-32.26
-10.50
-17.78
-65.04
-94.18
23.91
81.19
49.46
-29.92
90.05
-73.46
-95.55
72.33
-20.91
42.44
32.63
-20.93
17.34
86.91
15.88
-49.59
-27.46
-40.63
72.56
-98.61
-6.30
-65.09
-75.22
54.38
60.52
-9.27
-37.05
-14.01
-95.75
90.97
-35.44
-35.30
92.53
-74.40
40.21
-24.40
-11.33
39.53
22.97
42.71
-15.44
-76.91
95.28
69.97
-22.35
-5.29
-40.71
1.41
-66.25
-21.02
61.60
66.06
44.05
78.23
21.09
40.00
58.37
-71.68
-59.66
91.62
42.70
-73.65
58.28
90.18
-46.69
-71.10
84.97
-78.31
-23.15
69.85
40.49
41.97
43.28
-95.88
44.11
73.11
-2.43
-76.58
81.54
18.26
-1.09
79.09
66.75
63.23
-9.86
4.56
-42.23
0.77
-61.10
75.99
-1.98
-24.01
54.40
77.40
-49.83
8.14
-75.12
-82.54
-73.49
-96.80
-65.87
77.99
-56.88
89.73
-12.22
-14.87
68.38
20.71
54.28
-52.08
-38.57
24.33
-30.06
-29.08
-48.59
65.73
-15.50
66.56
-56.46
14.32
47.92
-18.08
34.26
36.21
19.51
-4.16
-12.46
-42.41
98.17
-83.62
-52.21
13.18
-86.39
-33.95
46.24
-1.53
-83.89
-9.07
43.48
30.67
60.15
84.53
-70.57
83.52
-55.18
-61.90
93.55
-81.00
-30.66
54.45
93.91
22.99
-80.33
78.64
-73.08
-98.49
-86.29
50.94
-54.08
21.97
61.70
-98.79
2.20
19.26
-80.37
55.25
0.69
-17.47
-17.60
0.84
38.46
-15.29
-37.87
-60.43
19.74
72.87
-58.66
77.80
-95.32
33.59
92.81
91.70
95.90
86.33
-65.36
-76.40
-70.73
-14.72
-63.23
-89.41
4.90
-78.65
-25.16
52.60
49.75
2.44
-13.87
-10.95
44.06
75.32
-13.24
65.65
-42.59
22.74
23.27
-75.89
-2.42
58.75
50.59
-19.64
47.93
-21.64
-6.52
-37.50
-85.98
-21.35
-78.04
80.73
65.21
97.36
-80.26
10.12
60.45
-53.11
51.03
39.78
50.97
6.37
-39.57
-15.08
25.85
-15.69
-98.73
-91.15
-21.07
81.57
-39.03
-68.70
65.64
-78.71
-11.13
-9.18
45.11
39.38
28.46
88.57
-62.57
91.04
72.84
12.42
59.70
36.02
-66.86
-79.18
6.70
30.19
10.49
-64.43
-79.55
-69.52
65.91
-63.66
-11.67
-95.10
-97.89
10.36
58.60
7.90
26.29
84.56
-37.55
77.41
-83.38
-78.14
-47.75
48.85
13.06
-53.29
-60.54
-60.42
3.63
-41.69
98.55
-42.55
95.81
-26.91
1.56
-78.17
-88.24
-24.43
-5.50
-82.30
-48.02
-6.78
60.15
85.92
-94.29
50.50
89.25
-79.64
-80.19
-87.07
-38.78
1.97
24.08
94.42
3.81
5.07
-41.67
72.86
43.87
21.32
-13.48
-3.10
25.07
72.85
-38.57
-2.29
-81.43
-45.20
94.38
-6.12
-60.12
-55.99
28.26
-32.76
72.27
-61.00
5.24
79.61
-22.73
-99.49
-12.45
-15.57
12.13
-29.80
86.17
97.83
-90.02
55.46
5.81
15.69
5.96
-71.52
-32.08
46.09
39.01
3.08
-2.20
12.48
-19.12
-52.67
-60.73
23.23
-20.69
11.15
52.65
-16.17
-7.49
-62.53
65.88
-80.58
38.44
36.62
14.32
-24.23
62.85
-82.56
20.59
66.69
-35.46
62.75
-4.69
83.33
95.23
-6.28
-87.97
13.67
31.92
-72.24
-30.64
-46.28
3.72
-62.08
-57.31
-58.04
-12.56
-73.39
-21.55
-27.73
62.70
36.95
-41.97
87.39
10.13
-40.50
83.62
-81.08
-12.27
-39.57
62.94
83.46
-78.49
25.54
35.17
33.54
78.86
47.98
-36.01
-5.47
-67.59
62.32
37.04
69.86
-77.41
-95.98
-79.55
-91.01
-10.41
42.70
-45.16
2.95
-30.96
-42.92
87.58
86.53
21.34
-70.06
87.03
-24.05
-25.66
-31.19
51.76
-5.26
-61.54
1.75
8.64
57.42
-40.59
2.14
-29.70
-27.34
-84.28
-71.78
-32.43
-78.30
44.35
-49.57
31.65
96.87
-13.45
-42.52
21.80
61.21
1.50
19.57
79.99
4.02
98.69
-49.13
-84.50
-3.23
8.32
82.41
-54.56
-64.00
-40.65
-13.82
-50.19
-25.54
38.14
-31.67
38.27
-53.04
-69.04
48.80
-46.00
-90.05
-22.47
-54.77
-1.01
-78.81
53.38
-61.01
51.89
-46.06
4.24
45.77
-61.52
66.09
80.62
98.16
7.90
-13.94
82.33
19.84
-12.05
84.51
53.99
43.12
-86.51
74.12
-21.24
-74.94
-97.53
-41.04
63.70
36.97
-20.40
-66.65
-30.33
94.80
84.56
70.58
17.00
-3.60
80.69
30.24
-91.33
26.39
-2.73
-43.08
-92.09
-35.63
-6.59
-27.81
44.15
78.84
47.96
-21.13
36.78
7.60
-86.30
18.14
-94.36
19.62
-20.10
-75.17
4.91
-32.41
-61.52
87.96
-55.11
-47.65
-90.55
63.42
-69.62
-10.31
12.27
-28.17
0.63
-59.19
77.27
-78.97
66.35
-49.83
36.37
60.70
-61.54
95.77
86.67
30.07
61.75
71.05
70.21
41.17
87.10
24.09
41.81
-29.18
60.09
16.47
-43.85
28.71
6.53
1.63
-42.33
-56.25
94.47
25.13
82.08
-57.77
97.65
-89.65
90.87
-84.07
32.93
49.67
28.13
15.20
41.76
-20.57
-81.94
-38.43
-53.67
-60.29
86.40
-86.58
-78.73
3.10
-32.87
-74.72
-23.53
13.45
88.63
98.42
-50.64
49.72
-87.45
-3.13
47.66
-92.59
-6.19
-50.99
-48.64
-48.36
77.29
-35.71
-7.17
-19.50
7.36
41.85
34.50
-33.02
-54.68
24.51
-93.17
27.87
-28.67
91.69
-72.31
46.25
15.05
44.20
54.53
10.02
72.83
-48.24
-29.25
97.89
-5.15
94.96
-23.72
92.02
-89.76
-83.67
13.50
-14.14
12.68
70.02
2.01
5.75
82.98
35.27
-87.41
17.69
-42.80
33.97
-21.71
-46.80
-8.25
79.15
85.84
-48.15
-66.73
29.15
20.61
-38.15
44.34
-97.08
57.25
99.37
1.70
26.43
-24.08
-80.32
13.63
-15.33
-2.52
58.13
88.75
-13.67
-55.70
-35.88
26.84
-60.60
15.87
72.59
-57.17
79.80
-93.18
-43.21
7.31
59.20
72.16
32.02
35.60
28.74
-53.88
21.06
-52.25
51.16
-68.67
-32.01
-59.67
-50.07
24.52
93.35
-30.61
-50.35
26.31
-36.26
91.56
28.18
91.75
60.53
26.51
-26.73
-83.50
9.45
-35.19
-85.62
69.84
-74.12
10.71
52.39
65.82
0.55
-5.67
-65.92
4.76
79.53
-65.22
17.72
7.51
57.67
-67.28
-12.22
82.32
-67.65
75.31
32.54
-18.32
96.42
-77.47
-30.14
21.10
-63.24
70.03
2.20
-43.94
29.36
-38.85
90.44
-40.16
-0.87
21.78
44.46
-57.25
96.47
-72.33
-86.03
-70.06
-90.83
54.11
-14.75
-43.23
-82.72
-47.52
-11.25
-59.28
6.06
-87.61
-74.91
-83.16
8.00
-39.94
-59.89
84.40
66.06
-35.09
-64.13
-29.47
-92.27
-41.75
21.62
85.51
89.81
-25.87
-61.66
17.67
24.56
-69.34
-99.75
-91.20
-97.83
-56.71
13.53
58.13
-90.95
-27.62
-12.09
79.34
56.07
76.28
-70.70
-92.15
69.93
33.76
93.78
-1.92
-8.87
75.32
46.71
-56.51
55.01
87.60
-80.98
-35.83
25.69
62.08
-73.92
-65.16
-13.16
-44.10
-0.63
-50.96
13.48
-59.20
47.20
45.24
35.96
13.33
74.86
-83.29
53.43
-3.35
1.42
72.28
68.51
11.93
-96.01
42.41
-3.14
49.29
89.61
20.91
-73.66
-92.79
80.52
-96.82
31.04
31.82
27.80
68.76
70.06
76.83
8.09
-40.99
-79.02
-7.82
28.16
-25.44
56.14
-6.01
-11.49
64.16
95.11
-96.15
7.74
42.46
25.20
-99.59
-13.09
-80.58
-11.39
6.40
-12.68
-94.01
-69.12
-17.72
-81.98
30.26
91.05
43.76
60.23
-5.55
-4.13
77.24
63.51
-7.76
-32.17
-75.16
-47.47
60.91
19.91
83.43
-41.60
-17.05
10.93
-2.67
9.38
30.93
-59.21
84.52
41.91
27.50
61.72
48.17
46.48
-63.75
56.04
-99.26
94.77
-23.39
73.08
74.46
-83.28
-82.13
32.37
-32.24
21.21
-26.38
-5.32
-48.33
33.03
49.69
75.73
-31.73
-52.45
12.28
-87.86
-20.32
-36.02
-70.55
83.50
-96.56
13.83
-28.77
-44.28
81.52
7.73
63.80
70.85
53.56
68.31
-43.53
-46.83
-11.89
-71.23
-37.31
95.70
-16.48
62.23
-18.73
-56.75
62.33
62.14
-50.12
-61.90
-28.96
-78.64
84.13
-73.35
-63.07
89.36
-11.80
-7.60
89.10
-42.32
9.32
-31.87
87.57
-5.28
54.93
90.95
91.76
-66.67
-50.78
94.37
-85.16
-2.00
78.62
-19.05
21.41
-65.96
-2.99
-74.51
30.52
50.74
-39.69
-9.35
-91.39
-33.60
-31.13
-39.33
98.24
21.70
-78.49
-90.16
85.86
-5.45
76.82
22.41
37.88
-32.55
-12.14
-22.13
17.98
-70.70
-52.64
-19.97
-18.42
54.03
-27.45
-1.93
-79.89
29.09
76.75
18.51
-49.42
8.46
40.16
51.58
-65.74
15.78
-29.39
-13.59
27.42
-63.53
14.92
-51.88
-26.75
33.85
65.02
-77.01
24.33
42.45
-47.53
30.86
16.49
47.86
-28.59
-2.31
66.73
-48.19
53.72
-97.57
99.23
47.14
-41.91
-7.75
82.42
-91.01
4.22
-58.71
62.01
-18.69
23.15
4.38
-9.13
-47.03
98.40
-3.13
-57.74
-95.12
10.66
39.16
35.86
-38.35
10.84
60.06
33.78
79.81
-61.47
-38.91
13.44
52.51
-11.94
-17.55
-57.26
-16.04
-76.84
65.01
-40.69
20.41
-83.24
34.46
20.55
14.96
-28.82
70.58
94.72
45.22
70.31
50.09
33.69
82.03
-0.68
-62.80
76.22
-82.75
89.51
97.19
26.34
29.11
-69.92
-97.82
19.86
-99.44
-48.16
-95.67
-21.75
-8.09
-86.28
-0.46
-68.23
-17.00
85.95
14.59
-12.71
25.12
79.36
-94.65
-5.36
-37.70
59.78
34.85
-77.71
90.62
13.09
56.34
-38.06
13.33
-11.04
43.83
-85.05
-89.06
49.39
-85.64
-66.91
45.24
72.42
0.43
50.92
5.75
32.18
-37.83
88.72
21.13
-35.89
-64.93
85.90
40.62
-78.04
45.29
-30.88
-49.61
-30.46
-53.54
-15.54
23.97
22.08
39.70
-34.74
70.21
52.40
40.76
-62.67
10.85
57.18
-41.13
18.01
41.11
-17.82
-82.96
40.87
44.95
-40.14
-82.61
-16.50
63.41
82.20
19.53
-41.15
54.05
-18.66
29.26
-68.64
-34.47
64.90
-81.31
79.63
-81.10
-78.52
46.25
13.17
75.76
72.77
-83.03
-38.65
-29.93
-61.74
71.85
-18.66
-39.36
30.13
82.29
-86.55
54.18
-62.28
46.07
96.38
-0.31
-1.17
-98.00
-12.58
-79.18
83.01
16.94
-16.50
96.62
19.16
15.38
-47.65
32.28
30.31
-38.88
-31.34
49.19
-7.48
61.23
62.29
35.44
-45.47
35.58
-24.73
-16.34
-44.64
67.60
85.99
38.66
-35.01
-72.91
-15.76
99.95
51.10
-61.59
-55.12
-58.57
17.07
2.29
57.97
-47.65
-91.08
65.61
25.02
-18.14
57.79
-20.90
-59.57
-41.07
85.02
-53.33
-1.60
-54.78
37.89
8.12
49.81
-97.31
-25.60
35.62
-69.31
-59.54
-71.92
99.30
64.51
44.10
37.76
-2.24
67.87
-57.85
25.86
11.08
62.87
-67.22
-52.00
-82.65
68.97
-86.00
-67.89
-17.61
-54.67
-80.91
-10.91
67.35
50.32
-94.28
-32.94
57.57
97.60
-38.79
-70.38
46.85
-55.77
29.04
-23.07
79.49
36.54
-2.60
-57.55
-54.63
97.35
87.77
53.07
-66.99
-82.08
-82.48
-54.85
93.15
-60.04
-70.75
51.93
-81.58
45.78
-75.99
-98.52
-31.27
51.49
6.55
75.98
70.43
-50.44
39.94
-68.50
92.62
-48.23
-62.46
-64.99
-64.83
-62.20
30.34
40.58
-92.44
25.00
62.14
76.94
-5.57
85.81
-68.61
-18.34
-94.22
68.12
99.23
-82.08
12.39
-87.87
-65.17
36.09
55.00
42.81
36.13
-52.88
5.65
64.30
5.06
2.79
-68.49
53.70
64.66
96.40
81.93
50.65
42.10
93.95
-9.29
99.30
79.75
81.42
-37.18
-69.30
98.97
-95.94
57.14
-37.64
3.63
-39.29
-64.11
-72.94
6.13
-37.45
-30.01
-34.41
-82.47
28.53
-65.13
51.67
-85.41
80.30
57.68
-43.37
86.12
27.24
30.92
-78.72
18.38
63.38
90.59
61.98
42.95
-43.33
53.63
9.19
-79.53
4.88
13.10
-3.49
40.59
-29.43
73.96
45.95
-89.89
86.77
18.15
-30.81
-80.31
-42.45
-0.54
-45.17
50.85
-7.30
46.40
37.69
37.10
-30.08
84.44
6.99
36.53
33.98
23.18
-13.41
67.07
8.07
27.51
25.03
4.44
13.16
-46.99
-60.15
17.92
-81.91
76.36
6.78
77.61
60.28
-32.39
-77.55
15.85
-6.04
25.09
-85.91
7.10
71.78
51.06
-49.96
35.31
-97.40
-95.36
-6.62
-22.26
33.99
-38.59
85.16
21.57
47.36
50.57
7.04
-4.76
-26.77
76.33
35.44
-71.23
53.11
-67.83
25.04
-88.69
64.11
31.77
-84.65
-29.59
46.69
