40.03
51.00
-92.29
73.67
-55.24
4.96
-23.23
-2.93
42.51
29.56
91.82
-67.18
56.16
-22.39
-51.44
28.14
61.76
10.66
-6.08
9.47
-44.08
44.22
-34.22
30.66
72.21
97.94
75.03
24.52
70.92
-50.54
69.88
72.36
93.88
47.46
-63.37
18.30
-44.79
44.59
-7.16
42.53
-58.38
-62.73
19.39
-19.03
-31.66
-24.65
66.69
14.90
-5.65
-67.02
-90.86
-10.84
48.94
84.84
9.28
-19.61
76.59
28.86
-26.64
47.15
-99.19
36.83
60.56
65.22
12.35
48.40
78.87
-99.05
77.91
4.58
42.92
68.61
62.72
72.17
-5.81
19.86
-65.67
-32.70
-28.32
42.13
-4.72
34.88
33.73
-73.64
95.67
27.44
-68.83
3.10
-96.23
-81.26
-33.40
-30.38
28.29
-11.89
73.92
-86.68
-79.42
-5.17
-99.54
-76.28
79.88
-1.31
96.95
46.27
14.31
-43.31
43.61
-28.36
35.81
82.01
-69.17
-27.22
-59.08
65.88
-75.18
-93.30
18.73
46.49
41.28
62.43
67.81
-18.66
-24.12
-43.58
-9.60
-35.89
33.45
19.50
-29.50
-59.34
9.60
-77.69
-36.88
91.69
-93.63
20.28
22.91
-71.48
46.48
-47.07
20.69
-79.53
-23.64
-38.92
-91.26
52.54
64.38
-21.84
61.61
-78.83
-41.24
60.77
24.02
-1.41
66.59
3.71
25.16
43.93
96.43
-55.80
-22.85
95.70
-65.20
-92.87
50.44
-78.35
46.54
-24.04
40.84
-97.46
68.89
87.49
-69.00
-50.36
-12.57
86.87
92.06
57.40
-58.41
52.99
69.19
-66.81
1.44
-3.56
-18.34
-83.36
-15.12
-80.09
69.51
56.79
-93.19
59.59
23.58
-19.33
-54.61
-43.17
88.07
-6.58
21.88
-24.83
57.53
11.55
0.23
-43.92
4.43
-32.88
-17.71
-90.73
-23.73
46.92
-68.99
87.88
60.60
23.49
-17.16
87.08
-73.47
27.13
3.74
94.98
31.20
58.89
65.12
46.25
-49.17
-37.94
-42.47
-3.79
-17.78
50.61
-37.43
1.79
-56.91
-12.70
16.93
3.41
23.61
-12.70
-88.74
-6.43
77.61
42.48
51.41
23.05
-58.23
94.94
81.60
52.80
87.78
86.43
-5.88
47.07
-87.74
42.34
-71.15
-29.74
-59.97
-90.97
8.43
25.84
-78.95
-32.45
24.03
60.82
-81.94
9.03
20.31
-82.54
94.91
36.91
-45.90
62.08
-91.02
56.81
7.63
-66.10
46.58
-69.50
84.05
62.96
25.32
-62.70
-6.26
-23.01
-46.25
71.98
46.46
64.09
83.07
-19.20
28.84
-62.36
18.72
63.93
9.03
74.71
-79.03
-2.39
-66.00
-3.38
-44.64
-16.01
27.02
-85.21
-85.34
32.66
-78.74
-33.57
-46.34
-65.95
37.70
-74.53
94.35
61.56
-19.58
-44.73
-55.32
44.26
-1.64
-68.00
-79.51
-17.38
-73.94
42.19
22.13
-35.67
15.13
47.07
11.78
69.32
38.65
-32.37
52.16
11.10
86.78
-17.56
28.00
-47.99
-18.02
14.32
-52.14
-55.91
59.86
-45.92
0.82
29.07
97.54
60.51
58.08
-19.15
-10.84
30.20
31.58
-26.42
-35.74
-39.96
39.55
-29.07
-62.19
27.48
-41.89
36.23
66.82
6.09
51.09
-94.84
82.50
73.47
-16.65
45.92
57.30
-37.73
-64.06
-50.87
-95.38
81.90
-17.26
-5.50
-61.69
74.25
-57.27
70.42
-90.42
92.78
0.94
98.66
-64.15
-96.35
-27.43
-52.49
-20.49
26.30
98.34
18.97
-56.95
-32.70
-1.51
28.32
64.99
-52.70
-16.27
37.23
-93.56
93.41
-16.43
-59.60
55.24
-42.21
-61.09
72.60
-34.08
34.47
-27.81
19.68
-15.47
50.95
26.03
-27.08
-56.20
-37.56
72.74
64.95
-91.40
-71.16
-73.85
96.05
-33.88
88.32
-78.91
41.61
72.54
-46.59
-33.11
-82.05
57.71
-89.28
77.58
37.94
-35.66
67.59
58.99
43.88
41.19
52.34
28.49
-24.76
-56.57
31.95
-48.50
-87.56
71.11
31.96
-50.11
27.17
94.84
79.60
-74.13
25.00
-87.73
-45.47
-51.85
-49.88
5.63
-11.10
97.32
-9.98
12.61
86.68
-64.48
21.90
-66.22
-46.76
14.75
78.03
-21.94
-36.18
-12.64
-24.13
-68.70
36.61
-5.44
73.03
-57.82
-29.00
-77.19
44.62
-48.10
-29.36
-40.73
62.59
-31.71
-94.00
90.43
-66.05
-86.53
-20.37
-5.11
70.99
98.72
-34.81
-23.28
97.31
-71.61
-49.85
99.53
-32.37
54.57
-17.58
-62.43
-33.64
55.84
-99.99
