-55.39
98.90
71.60
56.99
89.03
8.49
20.15
-31.00
14.80
-84.49
-62.62
-93.89
61.21
-82.32
44.74
-0.53
-5.66
-45.18
16.98
-3.07
23.83
-97.05
37.04
69.55
-59.10
-96.02
-63.88
40.52
52.93
9.75
25.13
-29.25
77.06
-70.75
64.63
0.08
-32.00
81.90
95.44
-35.36
33.84
-59.56
46.63
-76.38
-52.14
-50.63
65.87
33.92
45.69
19.39
70.37
68.20
-25.80
-41.68
83.80
-32.75
-61.72
4.51
-17.18
66.74
-38.98
90.51
18.77
31.51
49.41
-28.37
77.36
-22.84
17.94
18.66
57.68
-62.29
-26.06
0.88
3.60
59.66
-4.64
83.47
-70.15
-21.04
79.25
-6.65
36.59
28.73
-31.17
38.53
75.64
60.21
21.74
69.32
-51.22
67.38
-81.07
-37.71
-49.68
-53.06
-85.83
-85.70
-32.55
54.01
-94.42
66.83
4.46
60.37
-98.29
-53.53
2.39
-40.70
92.15
1.90
15.20
90.54
71.19
40.68
-87.68
33.15
-51.84
-64.30
81.88
-61.04
-85.21
49.48
-4.05
-31.85
46.54
58.37
-67.13
61.71
-2.05
-16.50
-98.76
60.31
85.89
89.03
63.38
5.20
-33.42
76.23
-26.44
-54.90
-2.18
-15.85
40.91
-0.75
-9.23
-13.99
12.68
-57.96
32.12
40.60
65.36
-98.82
-0.34
87.11
-28.93
-1.18
-75.68
10.99
90.23
80.41
-13.55
94.92
-42.88
-76.56
27.13
-1.06
69.18
33.96
8.72
4.17
27.64
46.33
72.29
-52.48
1.60
-31.33
-0.83
-67.80
24.82
-57.36
72.37
-87.04
50.58
-81.73
-50.81
-86.49
-52.21
64.40
84.54
96.88
-56.40
-59.49
68.71
98.07
-46.86
-25.68
55.01
-81.97
17.89
-68.70
93.05
-36.68
35.87
-84.84
61.47
-10.73
51.04
-43.71
-12.47
89.10
60.78
61.89
-12.57
69.32
-49.45
5.96
37.76
-4.63
31.37
-17.58
39.75
28.85
-27.46
33.99
-14.87
-56.43
-53.64
30.74
-8.14
-56.91
59.75
9.78
78.52
-96.58
-22.25
-18.26
-1.36
34.30
83.00
48.26
51.90
-96.33
-51.00
-3.59
59.71
-29.18
79.10
-93.47
-81.04
94.39
99.57
-40.50
-69.17
15.24
86.56
-39.04
33.32
2.15
-31.00
56.86
-86.13
89.43
43.25
26.78
85.88
43.43
-13.75
-2.63
16.04
-97.71
-17.98
7.31
76.09
36.97
54.92
55.38
-31.94
-52.57
-35.22
-17.86
66.97
62.47
-63.30
93.15
19.99
41.80
99.40
-47.68
-19.87
29.61
60.06
-39.47
-90.41
-88.92
-67.58
-74.44
67.27
43.76
23.60
-47.84
-21.97
-38.43
-2.22
15.14
-18.37
86.70
-21.97
91.69
42.18
-42.01
-17.74
-92.08
25.27
-32.76
67.56
89.62
-48.26
-23.09
-65.12
-61.32
99.88
-50.19
71.92
39.39
7.36
-67.08
-45.46
-84.05
-50.17
45.85
44.38
-36.61
69.72
-73.91
70.76
-58.43
19.77
-24.56
-0.93
23.48
47.13
47.03
9.09
-75.87
-88.34
49.84
9.63
60.22
33.11
-29.49
69.89
-83.52
11.76
20.32
-11.05
-22.51
-72.14
44.69
90.75
96.21
-32.15
-40.03
85.47
-18.05
-11.13
-45.87
-87.05
-60.37
31.31
-21.77
-10.48
77.13
79.69
-28.91
-46.58
40.08
64.81
-53.75
23.77
57.41
47.94
42.37
4.19
-5.06
-64.92
64.98
-8.68
-24.44
-97.23
-1.76
88.18
-40.53
-33.07
11.33
32.80
49.10
75.76
29.71
99.29
-29.98
-96.01
55.75
71.88
-79.44
-46.20
-75.37
-82.60
-76.68
-24.17
11.53
48.06
2.65
53.49
53.39
-11.81
-14.82
-40.85
6.57
82.33
-37.58
-28.59
-19.57
73.33
-49.31
-14.58
61.19
56.25
14.94
18.85
34.17
-85.05
-50.92
40.24
19.34
-60.10
13.12
-59.41
-96.38
17.56
68.60
-18.29
26.80
-61.19
36.47
23.92
42.91
-52.86
-25.57
36.14
79.58
74.15
-42.47
15.99
11.88
-55.43
28.71
61.91
85.18
70.04
-18.20
-48.56
97.28
-7.34
-39.10
-48.77
51.37
39.88
20.83
-14.49
-20.86
53.54
-83.64
-11.07
-84.85
-43.74
-53.74
-64.79
-10.61
9.23
36.01
55.81
99.34
-1.11
-19.35
57.60
85.46
-9.81
39.56
-81.39
-95.33
95.56
-99.32
-68.77
-52.49
64.94
73.09
32.20
-81.62
-22.43
-29.49
-43.88
-33.67
77.35
-98.77
-83.70
26.84
36.25
56.73
-31.05
81.24
-27.89
-6.34
83.38
-78.26
-59.07
24.15
3.88
78.65
-18.94
-19.58
-48.13
-43.57
57.17
60.71
13.33
43.84
-51.01
89.73
81.33
49.92
92.01
-12.36
-11.96
91.12
-30.58
56.15
70.01
-76.20
84.13
18.53
-19.40
-2.51
7.88
-28.52
-98.61
94.80
-56.34
-44.54
-76.76
25.86
-4.18
-26.60
-92.20
-44.01
-39.67
-65.37
9.07
2.46
44.72
2.26
3.40
17.23
-29.96
58.34
62.81
94.32
79.39
-94.04
-62.51
-2.59
-92.24
-99.11
-62.07
6.85
6.42
-63.43
5.77
46.51
80.04
-95.37
-32.40
-80.85
85.70
95.76
-49.45
-42.83
46.81
43.18
-18.62
15.29
-99.41
16.75
-33.68
44.71
16.03
16.31
65.95
-7.92
-20.37
-90.92
-57.05
-2.47
-56.99
73.07
-25.05
66.67
34.70
-93.90
-39.73
-69.97
67.78
29.61
34.94
42.10
-68.48
-33.29
82.53
94.19
-38.67
84.81
12.05
-40.55
91.20
12.07
25.66
30.03
-34.13
-62.81
-64.45
13.65
-94.50
-94.25
20.23
77.92
-85.40
15.06
-72.99
-97.45
-11.66
-77.77
-58.32
-71.66
-21.07
41.55
70.53
85.71
22.41
-45.89
96.02
15.11
-87.60
85.30
-59.04
89.69
-78.28
26.37
71.40
-86.97
-51.61
2.39
28.16
23.30
-96.77
-89.36
-94.25
7.81
41.31
10.19
-99.65
90.76
14.96
-53.10
-87.51
-58.78
73.55
34.58
-90.50
-1.76
-51.43
-60.35
31.79
12.30
93.77
24.37
96.09
-99.32
-4.08
27.96
90.89
3.05
-84.89
-21.42
43.48
93.90
3.23
-54.59
-94.99
30.49
26.52
48.03
94.56
41.22
-16.58
40.50
-10.68
-79.97
-49.23
20.29
85.53
22.97
68.52
-91.25
26.03
88.48
54.90
-5.14
30.16
-22.44
-11.59
21.62
-28.42
97.97
8.24
8.67
-2.39
72.32
63.67
-14.83
77.22
10.89
-66.17
28.26
-97.80
-85.40
-96.42
-58.79
89.20
-83.34
82.74
44.07
68.34
-72.58
88.39
-74.56
-55.25
23.44
-54.23
71.92
6.50
-46.66
34.82
51.11
-49.94
24.66
-83.82
-30.06
-44.32
-19.19
82.91
79.08
-62.01
31.72
-58.11
55.23
-17.18
-51.22
-96.78
-36.67
53.35
-42.02
-82.51
-89.73
-84.20
95.38
5.06
3.09
-2.07
55.73
-7.92
-66.02
-57.79
-66.39
-51.71
1.24
-0.96
7.99
82.10
80.42
71.22
6.35
66.51
-96.27
-36.20
8.77
11.16
-38.22
-6.92
-88.14
-4.82
45.23
-52.94
17.41
-78.25
-0.02
-98.09
-76.45
38.39
59.87
69.38
-91.19
-32.97
76.38
-11.10
-56.35
-75.26
-84.77
-71.27
38.31
-64.00
-55.39
63.53
-80.29
38.67
-65.10
69.17
60.59
-86.49
16.60
-32.35
5.20
90.77
-29.85
10.04
58.04
-36.88
-61.09
-24.45
-25.99
4.11
44.15
6.14
53.47
19.25
-96.15
-42.20
69.89
16.25
-55.98
36.85
-1.95
-25.54
-24.59
-69.38
-46.92
-20.70
59.14
-61.35
-6.78
-65.86
-68.07
-54.33
62.55
-82.24
62.68
-90.24
-13.13
37.15
-44.16
-96.28
65.52
98.91
67.93
63.65
-96.06
0.23
53.33
-71.02
-90.85
92.51
88.37
-82.98
-92.08
-37.62
8.80
-17.48
-27.40
54.85
-31.25
41.87
60.96
59.48
-29.49
-88.69
18.32
-80.86
42.58
-20.55
30.01
54.49
88.39
89.61
-12.59
-55.08
-1.75
-39.01
20.69
-81.98
-85.44
69.38
8.09
76.70
39.04
34.52
60.17
-93.00
-91.95
66.83
2.25
-26.80
0.69
75.63
93.66
5.29
-29.25
97.75
38.00
33.47
0.42
61.34
-9.26
77.66
-37.90
-51.82
13.72
17.31
-79.16
16.46
-90.00
-26.72
32.47
-60.75
47.30
0.23
-38.87
98.08
-84.25
-22.53
20.78
3.91
-83.12
17.11
21.52
92.67
-93.68
17.47
59.68
-26.54
28.69
43.72
-98.09
-83.38
-2.19
47.21
99.13
-84.35
1.24
-24.53
-91.58
11.97
29.70
20.43
65.37
82.55
-45.00
11.46
82.01
-26.21
-53.70
-78.51
-96.35
-42.48
-20.17
52.58
24.30
-13.49
95.23
36.18
90.19
41.26
1.55
67.68
90.34
1.36
6.86
-54.82
-60.10
-93.93
-63.23
-5.18
-43.24
38.94
83.13
-35.67
-19.65
-65.96
37.11
60.87
43.43
-44.67
-53.46
-69.49
56.67
-29.45
-65.89
59.73
-94.17
-66.01
-12.13
87.31
61.43
-65.60
-51.81
-20.48
95.75
-19.94
-61.68
44.27
-24.70
-3.05
-93.84
-10.80
55.78
0.46
-5.42
98.95
-59.99
-61.64
-1.55
99.71
26.48
96.07
-93.56
65.30
-70.10
61.37
-86.71
-87.92
-51.63
-73.33
-31.34
-55.32
42.08
-24.47
40.26
92.39
7.96
-77.54
13.98
-12.58
26.26
-44.75
84.75
-94.13
-96.84
63.45
-96.00
-38.30
-63.26
-59.83
19.42
-6.16
6.04
47.67
-78.26
22.85
-92.34
-79.02
22.24
56.98
64.82
-4.12
-24.30
35.76
61.96
-64.17
31.26
-98.60
-83.27
-90.51
5.09
12.25
27.13
56.66
-71.90
-94.83
55.66
85.68
24.88
-16.22
-58.49
31.75
-26.67
-32.25
34.57
5.81
13.83
76.69
1.69
-66.53
99.75
-22.51
28.87
61.56
62.00
-1.13
-3.46
-72.62
-35.96
99.42
-94.14
-90.33
71.74
6.07
98.37
27.65
8.26
78.45
-94.93
-35.22
-24.64
85.36
-9.56
78.10
71.72
-52.70
-6.07
-58.48
-12.31
33.31
15.74
-10.53
-69.67
-97.83
-84.93
38.10
-78.55
54.63
94.35
94.15
74.36
-81.73
-93.64
69.08
67.75
24.76
-0.49
75.48
81.40
60.91
26.17
-56.91
-3.22
59.18
-15.64
31.18
47.00
45.24
17.85
-94.79
-66.66
24.21
-1.81
-7.33
-27.24
-15.37
72.51
96.90
-32.12
-53.26
49.91
78.72
-13.10
-5.93
-73.46
-7.63
-99.42
16.29
-7.42
-93.02
-18.48
-84.87
0.38
66.61
-38.86
94.58
-45.25
52.58
59.50
40.79
-56.23
-71.23
-86.31
24.67
55.90
-96.79
80.67
30.14
-37.97
63.59
-77.13
76.65
32.24
89.12
83.98
37.30
62.06
63.18
-96.14
3.56
78.22
-3.93
13.93
-45.34
-15.21
73.27
67.96
67.83
25.77
-36.16
-1.11
35.69
-38.12
-21.95
-64.14
-63.40
-88.59
93.23
-95.55
-91.28
68.68
94.81
-35.63
53.62
47.60
-62.15
36.23
92.64
48.01
2.89
74.68
-15.31
82.98
62.09
-71.71
73.90
-35.14
-54.87
90.07
18.01
-6.83
48.17
22.45
68.74
-17.68
62.40
41.62
33.04
96.34
-14.73
63.08
70.20
49.99
26.98
40.66
-69.88
-19.16
64.82
84.38
-85.91
-35.63
83.67
37.05
96.54
98.38
46.18
-44.15
-83.04
22.02
-1.79
-64.91
-69.19
-71.88
-48.12
-67.11
-39.75
-46.08
34.38
-58.76
-34.84
-83.82
-10.38
-54.37
-40.36
88.54
-79.20
-63.48
-7.55
1.75
-68.80
66.94
31.19
-97.98
5.15
43.57
41.67
82.39
-42.77
17.15
42.02
86.55
53.91
-99.17
61.03
90.92
-41.47
26.54
56.95
-94.43
40.63
-75.25
-42.15
92.53
27.63
87.50
9.53
82.73
-89.86
-0.21
-10.05
-86.91
-44.46
84.16
21.96
47.61
65.65
-21.97
2.82
60.11
-32.77
-82.80
44.23
69.65
50.02
-81.21
70.87
-85.54
-58.62
27.12
32.81
27.28
-15.02
-65.55
-74.93
-56.32
-51.78
-4.70
-65.43
91.66
-49.07
31.04
-84.62
-65.05
-21.67
33.44
-87.98
50.86
-59.69
81.20
-38.72
70.64
56.93
-7.90
-84.49
27.29
-42.06
97.70
37.33
-97.51
-64.17
77.03
36.59
-49.51
-46.29
-20.92
91.38
76.57
-36.30
-8.49
-44.05
-35.32
-21.72
-38.27
31.11
73.04
77.81
-99.83
-32.54
12.22
-47.16
36.96
-23.60
5.42
-82.15
53.49
-17.61
-59.42
-96.96
73.18
-70.25
-5.95
63.38
-39.40
-82.71
94.36
-43.32
-15.22
89.57
97.10
32.57
16.99
62.20
25.66
-48.51
-92.04
0.34
33.60
-62.47
78.37
86.95
76.09
13.53
37.31
-81.02
26.68
-56.20
15.89
37.45
-50.31
-52.98
25.56
54.36
58.13
23.26
50.01
-44.47
89.71
-10.12
-68.61
-82.95
-35.96
23.28
3.47
-53.18
-14.34
29.35
67.06
75.98
91.50
-40.34
92.22
-31.00
81.33
77.44
91.28
-84.71
-14.38
36.38
88.32
-49.30
85.17
-43.48
-72.18
60.59
-0.71
22.62
39.60
-40.16
-80.06
-80.04
9.66
-46.75
-98.13
78.03
85.61
-34.86
14.80
-12.67
-45.37
57.32
-93.03
-36.71
-23.35
52.84
36.86
-65.32
43.49
-4.12
-55.75
-4.56
78.95
37.42
3.28
-79.06
2.54
13.35
-20.49
-10.20
96.08
30.40
-93.63
-29.47
-69.70
21.20
32.42
-88.95
-44.17
-19.52
-10.55
24.42
98.82
22.18
-76.69
62.01
23.79
34.35
-32.66
-76.66
-50.99
74.55
-50.06
24.50
-62.88
97.94
58.78
-45.97
29.14
46.50
5.56
25.29
85.16
-55.30
10.75
32.22
69.10
-67.31
-80.44
-5.23
-34.61
-91.84
-75.94
-54.82
94.10
-81.19
63.64
43.98
56.20
96.15
96.18
58.08
-51.06
11.62
-6.43
-3.08
-2.82
-88.02
-97.19
-89.00
-61.32
89.06
-59.36
-58.94
-90.33
-78.13
-75.46
36.40
44.01
-36.56
3.00
7.19
-34.95
11.80
95.20
-32.34
-62.24
-76.71
32.49
79.06
29.42
62.87
90.54
27.67
-5.72
91.47
80.83
13.48
-61.64
-56.87
86.65
38.08
81.08
90.49
-97.93
-28.59
70.53
-33.49
15.57
86.06
-62.95
-79.28
-10.75
74.18
-44.80
-34.17
12.66
-80.65
-79.64
-17.55
-94.80
-32.59
34.32
-22.70
-37.87
-9.56
36.87
12.66
12.48
63.66
92.91
71.41
3.05
-68.20
-47.22
74.23
-63.44
-62.49
93.30
53.34
-56.51
-33.02
-68.75
34.45
22.33
-26.26
-48.34
-64.23
80.76
16.83
-96.89
-79.81
-42.64
68.10
96.23
17.41
-16.02
-36.27
-71.72
56.45
-37.79
75.05
-10.56
-8.63
-23.18
45.25
-34.09
-16.00
-15.28
9.54
33.49
90.68
6.76
-55.50
-20.77
-53.92
-47.13
71.08
35.17
-33.31
72.21
94.33
56.77
88.50
-1.69
58.21
35.00
41.74
-13.92
-50.31
31.81
-90.75
-30.45
79.59
66.47
-88.80
42.45
-64.04
-69.44
44.28
-15.30
-27.74
63.66
-68.37
4.69
-42.22
97.52
-49.18
-65.71
61.24
69.21
-74.07
-55.91
-55.19
-97.59
-67.90
28.43
-84.85
15.46
-29.43
-7.89
-37.94
-78.30
-69.09
-1.47
-46.21
-18.90
85.02
-27.98
-98.80
57.58
97.95
-97.44
87.88
-36.67
-17.82
24.55
-28.82
-63.59
-84.85
36.39
-89.98
44.99
-45.96
44.15
-94.12
-78.00
-90.95
-11.87
-27.00
-49.56
-52.33
-33.25
75.65
-35.85
-98.16
78.22
68.87
-47.21
-16.17
15.80
82.66
-40.07
-65.52
13.04
89.76
-45.06
15.92
51.04
79.88
-54.99
-10.32
66.49
-72.59
-70.29
-88.41
1.38
56.16
80.80
75.89
-0.26
48.97
-96.31
29.84
-58.12
12.32
-67.12
-37.40
-37.35
-3.18
45.41
-87.36
-27.45
-65.77
58.81
32.50
91.86
-72.31
87.61
-20.22
-43.74
79.06
-34.76
-72.71
-70.50
92.76
90.11
-69.56
-19.89
-49.87
1.23
-89.16
10.18
-40.39
46.35
34.20
29.62
-64.01
94.15
-63.03
-60.33
-53.35
-68.08
61.04
17.58
-79.57
69.49
8.86
-58.58
-48.25
-56.15
-78.05
91.10
98.34
-10.89
-29.58
-61.23
-2.89
-40.48
64.47
38.71
86.52
17.98
63.71
-13.34
-67.21
-62.26
-60.73
79.98
-31.42
-67.22
-95.65
91.19
93.20
8.05
94.29
-64.95
84.54
96.33
14.75
37.87
-3.14
-49.12
19.62
-70.20
-74.70
-18.33
-76.73
-2.03
-80.39
-91.55
93.17
78.64
-40.54
-56.01
-59.81
40.69
64.51
-53.93
-84.85
-68.92
-92.81
-33.41
28.07
60.90
13.04
-85.96
-20.88
33.87
-3.54
-50.70
53.25
36.45
87.94
48.15
62.19
79.58
-3.19
-6.70
-4.34
-30.04
97.63
-24.86
85.22
31.57
-69.24
-20.29
-51.49
-16.70
-40.72
-77.07
76.86
-35.01
-83.76
-84.05
93.53
-18.70
-95.81
12.99
-75.12
-29.27
-52.58
37.69
-96.21
91.34
-97.41
-67.02
22.68
-12.20
6.07
98.46
49.95
67.43
-76.19
-18.88
5.41
38.84
-23.03
93.11
7.11
-23.43
28.04
-43.56
21.16
34.39
-21.66
32.30
-26.37
95.60
-4.60
84.50
-75.74
70.55
-4.05
28.90
-5.27
-12.17
32.16
79.83
1.36
33.52
-4.05
87.45
36.37
80.28
67.91
-44.47
81.33
11.21
-71.45
73.78
52.50
3.39
-86.49
12.88
-63.86
-17.16
-8.02
4.60
-37.19
27.38
51.12
81.61
-1.60
0.46
-23.14
38.83
-87.94
-48.98
60.06
56.36
-62.05
-34.41
-57.02
99.16
31.96
-45.22
91.55
-26.40
-12.70
49.73
75.85
73.19
-52.96
81.68
-96.88
-33.53
-26.55
-42.92
-60.51
10.73
77.55
93.15
96.63
87.75
41.67
-12.74
55.17
-10.29
-29.93
73.12
39.02
-85.52
98.34
54.25
-77.41
53.15
-41.28
42.77
-58.26
-2.73
-40.03
-75.46
-77.90
71.18
-13.24
-41.35
59.38
45.27
24.90
-54.00
-61.86
58.27
-35.59
-36.67
-21.31
30.01
-21.11
-57.89
-75.04
92.45
-39.39
73.20
-93.23
53.38
-22.59
-53.49
-48.19
45.66
1.95
-31.79
-60.99
63.31
-13.36
-6.09
-71.54
-31.40
84.92
-46.17
-54.25
-8.07
-80.51
59.12
-71.60
91.44
-89.71
52.46
-39.36
-31.83
-96.65
-88.75
-79.78
27.70
-60.76
-24.77
41.02
-52.30
17.72
74.46
-69.74
-63.39
36.54
60.87
-96.06
85.47
-92.90
18.94
91.59
-20.18
-49.52
-66.52
-49.50
34.38
-94.84
-60.37
39.67
-94.53
-89.87
91.20
47.06
-82.48
88.31
-84.04
34.32
-1.90
57.91
-84.75
-38.37
1.50
-64.75
64.13
21.07
50.98
10.03
92.01
-60.79
-27.32
-54.17
-36.88
-83.56
68.40
-15.92
-7.65
-35.48
-94.87
86.91
-89.58
63.07
0.50
71.51
-53.83
-67.02
-15.95
54.21
84.09
-29.16
73.52
75.88
-13.04
-9.71
-79.05
18.69
51.64
84.51
-69.38
47.46
-31.60
97.91
-30.11
7.91
65.86
64.68
-6.69
53.69
94.93
-70.92
65.70
54.21
-88.46
50.10
-69.27
-32.53
-6.88
-85.23
-26.75
91.25
40.91
16.61
-29.77
77.13
62.59
-31.12
-74.09
17.75
-14.61
29.10
14.35
-17.48
-15.46
-88.27
-69.95
79.90
-60.73
82.02
-11.55
-48.54
17.46
-90.26
-13.05
19.16
-70.06
-0.73
98.16
13.54
12.32
90.07
16.32
-3.70
74.78
-89.33
17.33
73.68
-53.31
-58.66
-50.20
85.77
83.58
-13.58
-82.51
36.12
23.91
71.85
25.99
90.27
56.07
58.40
-18.35
-32.44
-36.36
-35.46
11.20
44.47
22.63
-44.19
97.11
80.70
12.40
-70.99
-2.19
-17.47
5.95
13.85
9.25
-14.18
93.61
76.09
75.39
-43.09
-63.97
-93.96
-25.67
-27.31
38.25
-45.55
81.56
-55.06
-22.17
34.59
-44.86
-37.73
43.02
-1.83
-58.33
-78.12
-20.35
-94.73
-62.02
-99.17
-30.53
-1.58
-76.19
12.93
-66.86
30.76
-77.80
19.19
0.72
8.95
-88.39
-64.15
25.57
-26.19
30.35
-72.87
30.11
26.64
-76.82
15.52
-13.37
-63.68
-24.11
74.54
14.46
82.46
26.54
90.74
-56.56
-66.89
-75.65
85.00
-88.96
50.09
-33.06
25.89
-68.31
79.53
-29.17
-45.97
63.63
-98.11
63.81
-26.73
72.50
29.40
73.03
63.54
-65.17
-28.15
-63.75
93.83
67.63
-94.11
10.10
-18.52
-34.40
-95.18
-45.02
48.14
50.33
73.50
-75.76
99.40
-61.32
76.12
46.20
-96.08
42.77
-59.92
54.67
-86.64
74.04
-63.88
-79.89
-65.03
-73.26
70.87
-93.32
-65.17
46.38
27.17
39.62
-11.19
84.69
-0.84
-89.67
-26.88
35.28
24.86
-25.26
-12.98
89.32
81.62
-28.72
30.92
98.45
8.83
71.31
-39.52
-99.11
56.18
-81.92
-35.16
65.68
-53.52
-35.45
-63.48
67.48
76.98
-42.70
-98.00
49.42
48.76
25.82
-25.59
-96.33
-70.30
-31.05
-10.50
66.08
61.04
23.55
-98.73
62.37
1.01
-34.38
69.75
5.15
-83.88
84.32
83.89
87.73
20.08
24.22
-83.46
-61.75
59.67
77.56
79.43
-16.55
57.53
-57.84
-31.77
99.22
24.67
-65.86
13.32
-61.51
81.37
59.58
-81.29
71.21
-15.06
56.74
-17.55
-80.92
98.28
-92.88
-84.75
-50.97
-12.63
-26.21
-54.32
-10.12
21.76
25.84
-14.77
12.15
22.96
-1.63
76.57
-33.90
23.67
52.06
-85.94
88.72
7.54
-82.96
10.32
-4.13
74.21
-39.19
2.59
-83.24
93.49
43.21
70.21
-25.34
85.59
-38.34
-83.01
-43.02
-81.11
-49.17
-60.46
-70.44
26.78
-1.46
9.74
-87.28
-37.35
-61.93
87.80
67.40
49.28
83.86
-0.85
70.50
-36.33
13.80
32.12
-57.50
-40.96
82.95
-27.85
-98.61
-91.11
29.44
-38.14
50.69
-42.62
79.76
83.18
-55.74
47.19
95.39
57.50
-97.03
32.95
-75.07
34.76
-92.99
59.24
31.32
-84.99
-99.60
-71.97
88.28
-34.80
26.11
64.52
61.13
64.70
60.42
-38.12
46.79
42.11
-33.54
-85.69
-56.04
22.30
94.59
61.10
-52.33
81.78
49.60
54.99
-39.49
-75.12
-79.80
25.91
35.87
-91.04
-52.44
-33.02
9.39
-81.94
33.87
-45.99
-88.31
23.22
92.30
-88.72
17.25
-49.27
26.74
-95.38
64.10
-80.11
13.62
35.33
35.58
55.42
-65.54
-40.78
-49.02
-33.59
-93.09
67.72
-52.67
86.92
-56.59
-31.34
30.70
-64.30
-30.14
43.45
-10.48
83.35
-43.14
38.73
65.80
-1.70
92.86
34.95
-35.23
77.85
6.11
-36.38
-47.20
-3.27
-54.63
73.35
31.43
-93.50
90.21
2.44
2.08
-94.80
8.76
28.42
15.46
-47.60
34.62
25.37
-77.41
62.19
-79.23
36.79
-82.14
79.11
12.02
-88.59
-95.30
-84.97
-19.23
-95.44
43.31
-50.84
-11.20
36.13
-81.69
-23.77
10.11
-26.82
-0.15
86.26
25.43
61.68
-20.69
13.30
63.04
-85.50
1.71
91.72
-26.16
45.32
21.93
-54.86
50.72
-51.16
-59.84
93.24
-84.86
89.10
30.45
85.43
15.96
-65.08
-17.70
-5.26
2.87
52.90
7.96
67.91
-8.78
-30.74
-54.02
-60.40
-27.39
-24.31
-90.69
-76.66
-25.21
79.16
69.63
76.46
-25.40
38.51
-14.06
-67.10
-12.37
-26.87
59.43
-45.20
59.95
-65.68
70.87
-69.96
-9.95
10.58
1.77
-72.65
-60.68
54.19
-24.20
65.08
26.39
-12.40
89.68
-92.22
-19.41
-38.41
-69.19
-46.87
76.20
95.52
77.56
22.56
49.96
72.81
-70.20
-41.79
-70.70
80.87
25.52
62.80
-7.10
41.64
-57.31
-18.69
-46.66
-86.39
13.95
-22.44
-61.05
84.91
-26.43
-7.14
95.55
-64.75
-14.26
51.86
0.88
83.63
43.01
-34.36
-53.05
8.66
-2.25
56.39
76.67
1.33
68.82
-61.47
-63.73
88.29
-95.56
-80.33
-14.53
-34.13
-38.35
31.76
-70.61
65.77
-89.96
-42.82
-20.01
-66.26
-78.58
-30.59
-66.70
-18.61
21.39
55.08
82.75
-0.16
14.22
-77.73
68.35
-4.57
72.53
49.20
-84.14
-43.92
98.08
-33.63
-35.06
28.78
48.19
-99.86
-94.18
-17.87
26.33
-91.58
-93.63
-72.77
77.46
-61.86
34.43
3.32
54.68
-76.60
96.32
99.02
73.32
-40.25
-55.95
38.38
-52.21
-2.26
-26.20
-85.29
27.28
36.72
-80.39
-52.15
76.82
-43.08
-25.27
30.68
96.08
39.41
87.67
40.14
82.32
66.51
75.84
93.25
41.68
91.81
52.98
-20.60
48.75
58.63
29.93
28.14
73.70
-32.24
-68.00
-87.27
24.04
-25.23
48.01
-51.72
-29.15
-47.27
64.82
-32.66
96.42
77.45
-18.87
10.62
-80.31
-43.05
-57.24
-95.77
-94.78
-44.85
0.19
-92.90
24.87
63.61
-1.06
-54.86
-41.59
3.81
45.10
-2.23
-77.09
50.87
-19.52
-68.53
82.91
-75.88
20.38
-82.23
-73.85
-97.17
90.12
-70.52
-74.37
79.95
60.57
-51.31
-8.38
96.76
-77.14
-33.13
-82.20
35.52
-28.31
-30.18
-99.55
-29.74
40.93
-84.85
-10.90
44.14
-3.52
28.77
-73.24
-40.11
-53.66
40.36
-50.07
-76.53
38.98
69.52
86.74
-65.49
-90.04
27.84
74.04
47.79
-67.67
78.43
53.53
-49.95
46.06
-1.34
77.44
98.40
-79.90
-7.69
4.67
-56.11
-58.56
55.57
-41.82
42.56
18.03
56.52
-92.84
-98.55
3.24
-33.04
-98.73
56.78
12.23
45.67
-9.72
74.54
92.99
38.47
-75.63
54.22
-93.22
54.84
25.92
47.03
-98.84
-13.29
36.73
-89.17
6.18
-91.99
-32.46
-95.46
-26.35
91.10
44.40
41.19
-70.14
34.01
-86.06
0.75
-12.13
-31.06
-21.07
44.56
89.05
-13.44
-9.32
-17.41
62.26
64.56
92.88
-64.59
40.21
12.72
71.38
-30.72
-73.53
-95.79
-58.84
12.29
-41.67
22.36
49.84
36.88
-64.63
-58.55
-93.80
72.23
-94.52
77.92
89.43
-43.05
-45.32
-34.50
49.86
-11.03
73.23
-59.94
18.01
49.69
-78.56
-0.73
49.02
79.19
94.88
0.17
-39.68
98.87
27.95
-75.06
-43.35
10.74
23.36
48.97
-58.23
-84.81
-47.30
9.44
-51.73
28.26
-17.21
10.17
27.20
13.47
-7.73
-8.67
-41.31
87.29
-29.18
63.81
68.84
-73.33
-75.60
67.09
-94.54
42.89
52.53
54.59
-99.71
74.74
-85.32
-23.12
-99.83
85.07
-60.92
96.49
21.79
76.78
-84.67
-97.69
47.52
37.26
15.56
68.55
92.89
15.78
-26.09
-39.32
-30.84
2.60
12.71
58.66
19.78
-6.97
-40.44
-42.94
-18.03
-22.47
-76.98
33.33
39.65
-33.44
-88.93
-25.05
22.87
-59.82
53.08
62.83
74.01
-37.30
-38.19
47.61
-53.76
57.25
-48.00
-56.91
-97.74
-58.87
-87.98
-40.63
-0.18
55.23
-45.73
33.17
23.81
49.74
-95.26
97.87
93.12
56.11
-79.73
8.79
-92.24
52.14
8.64
60.24
-80.78
63.74
0.65
67.40
31.37
-99.98
6.15
55.71
-82.99
-77.26
52.19
71.79
25.99
51.68
-17.50
-34.97
11.80
-49.74
-38.32
46.33
74.96
-68.03
-29.81
58.76
43.95
-47.26
67.59
58.38
-52.89
53.47
12.60
-23.48
66.71
-25.46
-41.92
30.55
-69.92
-72.75
-73.28
39.83
-87.00
-85.91
-1.09
-55.27
10.98
-98.96
-15.01
-5.68
-89.94
-76.84
-64.12
93.95
-58.63
-23.19
54.05
-71.91
-44.30
-72.74
-49.53
-23.39
85.32
50.82
15.38
-95.25
-57.63
66.62
64.36
33.32
-85.53
83.36
32.03
89.86
31.86
-82.70
-78.19
-64.47
-59.29
-71.08
-1.62
-50.67
-11.56
-16.73
99.08
-33.46
73.74
-70.89
65.72
-78.81
-85.50
-95.58
41.57
-22.41
67.29
-72.55
73.89
-58.06
41.28
74.86
8.57
50.46
74.55
44.89
-59.82
84.04
46.20
-32.85
4.25
39.80
48.77
-25.71
38.33
81.39
-46.48
-43.26
60.80
40.57
-11.36
-9.17
-6.81
-88.11
-24.61
42.67
-84.54
35.85
-82.65
76.07
-78.41
39.59
36.45
-47.66
-11.01
50.09
-79.13
30.87
-94.72
-9.32
-5.85
11.83
76.15
24.55
-13.73
-3.24
64.22
-16.40
-27.82
-89.99
82.68
3.41
89.15
-84.06
-98.15
-91.33
-68.23
-31.44
34.05
-57.48
87.04
-49.38
55.14
74.33
1.22
-35.23
96.47
63.96
54.43
-25.01
-64.97
2.22
84.03
-81.76
90.53
-5.14
50.30
-4.71
41.50
-90.10
90.96
-98.60
90.38
-59.62
58.49
-17.59
-33.49
67.91
-66.30
36.84
-93.89
28.64
20.87
31.41
99.69
37.11
4.67
23.75
3.38
6.66
-1.42
-30.75
36.25
-55.47
-81.24
65.22
59.29
-69.95
74.53
33.14
94.37
51.28
68.03
-86.19
-24.30
-77.82
-53.76
-72.82
-34.76
4.57
-53.28
-57.22
-73.43
80.70
44.96
-57.25
71.50
51.79
-41.37
73.42
76.45
-5.72
51.81
-37.48
-61.57
-34.04
81.52
-63.10
-73.28
60.06
6.79
-10.19
-44.90
60.68
19.64
-33.45
-86.08
57.61
14.08
58.34
-30.09
79.02
82.48
-34.40
-39.33
42.42
-70.66
-62.49
61.86
-10.63
-70.82
53.88
12.34
-52.20
-96.10
68.07
38.14
23.13
88.25
-85.30
61.87
-90.24
92.03
15.79
-32.62
-53.70
-52.95
71.06
47.52
-67.43
-54.26
-49.68
-12.71
98.27
93.86
86.94
95.17
54.01
21.44
-16.55
3.54
-68.81
36.88
84.52
62.84
-14.94
28.78
52.95
46.01
88.27
-37.28
-14.63
-16.48
95.75
-38.22
-80.92
87.56
15.45
3.27
-20.71
68.46
16.32
-89.15
71.23
48.42
56.02
-15.75
89.17
-11.89
-45.78
-9.46
-96.26
-51.87
48.84
63.75
83.68
-31.17
29.02
-72.85
99.58
-10.63
-79.02
48.71
31.71
-14.83
35.53
80.03
73.32
9.16
81.49
-84.47
-20.12
-65.34
73.05
-83.13
-85.45
3.20
-91.61
-77.06
-66.86
-69.07
0.49
-74.45
43.44
-22.01
34.38
-10.30
93.00
-9.39
98.44
-27.06
-81.60
42.44
71.60
-34.41
10.49
-70.22
58.52
24.46
68.90
-85.38
-85.00
41.33
82.63
84.20
-48.93
82.09
-44.07
70.17
93.73
-32.76
-99.47
9.90
17.17
-62.52
93.95
15.69
-53.54
47.62
-89.03
59.98
59.17
13.31
12.57
89.57
-40.31
69.38
-1.58
-28.35
-83.50
-22.93
10.63
56.22
70.68
-63.96
-14.52
-76.71
94.89
90.57
-62.76
-47.43
36.24
-13.57
-91.06
-45.54
73.34
-37.87
-17.02
-74.43
98.76
-76.39
-96.52
53.31
75.05
46.17
-59.22
-41.74
42.55
-92.51
-90.73
95.09
-19.77
96.53
-44.81
68.01
-41.62
23.82
-82.54
81.23
12.58
-80.94
-55.44
-55.34
-77.28
-32.17
-76.00
99.16
-63.25
-86.31
62.00
74.31
48.25
43.02
42.85
27.24
32.32
-95.70
2.47
40.66
-7.07
62.19
-39.29
-94.31
70.54
-10.68
-21.31
-0.43
13.05
16.07
-91.54
-90.91
65.39
17.14
21.69
-60.26
-17.73
89.66
-26.04
1.61
94.60
-60.56
67.33
64.46
11.62
-32.26
-89.77
13.34
-28.71
-98.31
44.45
33.64
-20.98
69.22
34.08
-14.46
11.28
46.26
51.73
-61.31
71.19
-56.77
-66.85
64.83
-60.88
16.89
-6.45
11.52
84.96
85.42
-37.07
48.99
36.87
55.13
-39.95
91.04
-30.46
-61.35
30.39
-32.76
-43.10
-91.02
-15.18
-24.90
73.72
6.84
24.69
67.92
20.31
73.42
-62.01
-40.48
17.59
-77.11
-12.32
90.13
73.76
72.08
-17.02
-96.44
-0.20
-36.18
40.59
-98.93
54.96
9.84
4.55
-51.53
-90.18
88.85
-74.39
39.62
59.81
13.45
33.47
-84.95
75.19
73.45
-17.62
46.07
-46.85
87.62
-45.05
-68.16
-51.48
77.52
-18.62
-21.13
-56.07
36.77
-42.32
16.60
26.30
-78.21
6.68
34.96
-17.15
-44.06
-6.22
-56.95
59.19
-1.65
58.51
92.55
49.81
-13.48
52.99
66.89
10.85
90.70
-21.69
73.81
5.09
-59.77
95.54
33.05
73.56
-75.28
72.79
51.52
55.88
73.08
-30.66
-71.84
90.88
24.26
-71.57
2.86
-0.10
5.82
-92.73
83.70
-11.26
-27.15
-28.59
93.22
-46.84
61.02
13.37
-13.53
58.22
-50.18
65.76
-51.54
38.06
61.28
62.54
94.21
-33.07
-62.29
-30.03
61.39
54.01
30.14
-83.22
-33.10
-80.51
28.86
-28.14
38.36
56.79
87.67
-37.19
66.62
-98.97
-50.11
68.63
15.73
56.80
-76.99
37.96
10.15
84.70
1.85
-91.72
98.05
-45.93
79.73
-65.75
73.62
-5.07
88.61
-6.18
97.88
-30.46
-14.20
93.08
-14.39
62.86
-13.16
-50.72
-12.02
74.85
10.54
-28.56
60.23
92.11
71.17
15.04
-89.95
-86.03
-26.29
-9.80
50.78
70.30
21.92
-4.24
94.32
15.89
-93.21
-56.74
94.46
-23.50
28.86
95.70
19.03
-38.43
-64.80
29.34
-46.53
-53.98
-8.70
-46.23
-24.68
-24.25
35.15
-34.25
-31.76
-87.63
-7.55
75.08
-48.29
-50.09
-88.27
10.69
-50.30
-51.08
39.84
81.06
71.62
-76.18
7.52
-42.69
24.76
46.80
-52.14
-37.55
25.25
-78.80
-97.33
20.40
-40.72
-62.54
-55.35
-34.26
-61.61
14.63
24.60
-24.51
15.21
-59.80
-32.87
74.21
72.55
47.32
60.45
3.42
-22.95
-44.84
82.24
-33.28
22.18
12.22
97.18
-7.35
16.76
-46.51
-38.48
-41.50
-71.38
-98.73
-23.40
-24.35
-99.08
67.22
-74.00
3.00
28.74
-94.36
12.18
-67.35
17.78
-44.33
-28.87
35.73
45.47
42.30
-30.37
42.77
33.70
30.60
85.14
16.19
61.28
-6.20
5.51
-88.58
51.87
77.94
22.27
-83.17
22.42
-62.67
-65.62
-69.78
29.41
85.17
-19.51
48.60
-31.75
17.56
2.06
70.90
-13.53
48.79
-90.59
62.17
-2.76
-47.20
27.58
-65.48
-17.86
51.47
-92.10
0.46
46.05
69.27
28.72
-68.06
-29.85
31.27
33.73
66.49
9.77
-21.55
74.17
-38.79
70.33
26.83
60.38
-86.32
54.93
-91.48
-53.90
-88.05
-40.28
-20.85
-43.70
-25.60
-40.72
35.43
-50.50
-8.02
92.91
-32.34
77.38
-22.06
-76.51
62.27
-84.00
27.93
40.04
16.71
39.26
-81.48
-22.98
58.87
95.05
26.24
-87.81
68.80
93.92
4.26
66.34
-55.92
34.03
57.84
26.51
-51.92
32.49
-46.06
-19.36
-36.88
41.30
56.52
-43.02
46.00
72.48
-70.88
78.45
-86.22
-40.78
95.82
40.54
-29.74
-84.73
-45.87
-36.58
49.66
-36.89
21.57
73.67
33.91
-59.46
-75.61
-72.21
63.19
-24.27
-51.94
-80.98
59.29
95.58
-41.99
21.72
-73.77
36.16
59.10
-43.64
-27.13
-24.27
-67.59
21.48
68.53
-16.07
19.80
-0.70
4.68
-90.13
7.27
-12.13
73.00
79.99
79.98
95.85
-46.59
-80.83
37.60
-56.06
8.11
-32.64
-24.75
-69.38
36.40
-17.36
-81.28
58.95
29.77
-51.66
43.66
12.87
-14.27
-23.43
36.53
-22.94
-19.00
77.09
-72.12
74.72
-65.29
-78.22
-10.52
97.73
-35.80
-6.67
-46.44
94.08
40.72
-28.89
-91.10
-24.34
-31.20
23.43
-75.03
8.86
5.49
-86.32
-45.99
47.11
4.12
-89.27
-76.78
-61.29
-44.75
-81.11
56.30
-30.65
27.87
48.16
-92.33
-95.59
22.84
5.97
-29.90
-19.97
26.19
86.74
-43.51
23.16
7.08
13.08
-7.95
21.15
-53.83
32.07
-47.04
52.05
-7.53
-84.73
27.31
29.79
25.73
16.55
54.51
-69.07
1.70
-19.05
61.63
-1.56
39.34
-99.28
-39.38
-45.13
-86.86
18.93
-67.82
-0.30
-38.47
-0.40
92.28
14.34
67.54
10.39
40.28
-31.46
82.53
-81.81
-42.06
-9.39
45.24
9.06
-83.24
-40.91
-48.89
47.47
-47.55
44.14
68.72
-17.55
66.65
-18.94
-71.54
-18.93
73.35
-14.87
-83.35
-2.88
88.94
-10.53
24.50
45.88
75.07
24.85
-57.85
-17.82
88.97
-70.89
-23.14
-35.02
12.10
11.47
-10.39
-64.73
94.24
28.87
57.63
82.04
-83.58
71.85
7.40
84.19
-92.47
-11.48
40.15
3.36
96.64
-2.82
65.77
45.48
12.71
14.63
96.83
24.84
1.40
-53.12
-4.55
-56.69
40.07
-24.09
-90.02
35.41
54.06
-83.33
-65.09
31.95
23.71
73.83
-80.79
35.43
99.20
11.67
41.81
-54.21
-77.33
65.54
44.21
25.33
89.09
-61.78
68.74
-23.66
-29.82
-81.88
-53.35
32.08
-48.06
15.80
-85.15
10.06
99.29
17.18
-6.59
6.60
52.05
-61.98
-43.89
-10.60
-22.43
-79.51
-28.84
78.27
-18.23
-84.16
-20.67
-19.26
87.92
13.91
-18.82
-32.31
-20.81
-90.48
15.67
-95.25
-77.74
5.16
-73.35
-26.18
-95.37
97.44
-15.36
-65.32
-45.78
-77.43
-88.95
-66.62
-2.16
-55.24
19.09
-32.58
-71.84
35.80
-74.83
-18.60
-15.84
8.85
-41.09
53.80
96.30
-2.67
-22.54
-27.43
72.49
-57.32
24.03
-68.25
-70.37
42.97
-90.20
-41.67
54.42
-13.92
37.66
79.08
52.84
-53.29
93.27
-23.26
-5.81
92.38
63.74
-5.33
-91.10
-61.73
-90.48
-91.94
-81.76
-67.66
-26.28
16.71
70.05
-17.32
-62.57
-69.04
-93.36
0.23
63.91
-73.42
96.11
-73.57
-1.33
-58.36
89.07
34.46
85.71
32.98
16.76
26.76
45.65
24.67
-78.11
54.50
-85.19
14.47
22.21
-63.35
-36.69
-67.54
-42.85
6.69
-57.09
54.77
-86.94
-21.82
21.89
-62.66
77.72
87.07
57.28
61.59
-55.68
32.72
-64.50
38.39
45.63
-60.86
-93.41
-37.33
60.12
-60.82
53.28
-7.10
-10.12
-64.33
-13.74
77.59
42.45
22.08
-35.08
-63.85
-66.60
38.00
93.41
1.10
73.26
-24.74
96.15
64.04
53.34
-98.40
-2.53
-25.94
90.26
-51.29
94.24
92.29
-25.21
19.19
-28.82
32.95
-81.53
5.05
-53.40
58.50
66.22
53.29
88.94
28.39
50.81
-19.47
-87.61
11.39
-86.79
89.52
-89.08
-2.34
-26.34
7.19
82.36
-95.94
92.98
-6.27
3.16
-3.55
-59.10
14.00
-83.29
-22.28
67.87
-15.36
-48.75
-55.52
28.44
-77.33
-63.94
-47.47
-2.93
71.57
6.86
24.30
10.97
-83.92
87.08
36.62
33.44
56.46
-80.65
-24.10
-87.09
-87.05
96.63
88.04
-92.79
71.75
-6.78
-77.12
49.18
98.52
-90.59
-33.10
84.04
-25.26
16.14
-62.18
-44.37
7.89
25.16
-61.82
-83.04
-9.28
-44.45
10.70
7.94
-71.49
81.61
-60.52
-91.64
-90.38
-21.20
55.15
-12.35
-40.54
-78.77
82.25
71.29
-40.23
-74.76
-67.74
-58.41
-34.21
-85.19
-33.87
25.54
46.21
60.47
-0.12
52.97
93.40
-82.20
-25.19
92.63
-78.09
-49.21
5.11
-55.60
-4.29
75.64
-36.85
-18.09
42.66
24.92
96.27
70.13
6.88
-53.88
5.31
3.43
70.29
42.55
-54.83
42.38
-23.98
2.51
-63.14
24.02
97.54
-55.87
-89.37
-36.91
90.56
33.44
-89.55
-17.09
-2.83
-72.31
-59.26
-27.54
10.02
31.20
-92.33
-27.37
10.12
95.62
-90.18
-13.08
49.79
55.87
57.54
16.00
38.12
-19.92
-45.77
-16.11
-90.64
-42.77
-79.60
79.79
1.91
12.91
-13.02
0.68
-28.15
42.24
-61.03
-5.90
-80.42
-44.15
64.34
96.44
69.42
-15.83
-28.00
15.90
26.25
-15.61
-81.15
77.60
96.93
-99.97
56.78
-36.07
70.38
78.60
18.06
56.60
-95.24
-12.65
-14.05
-17.39
85.25
-62.88
7.79
-28.27
59.51
-46.23
-6.95
-50.36
36.43
-94.28
24.02
26.50
-27.72
26.86
44.92
58.60
-12.97
-17.21
1.94
-50.49
-43.95
-95.65
99.14
-80.69
-55.24
-2.15
-34.47
-17.56
-91.28
26.48
-53.84
-38.88
32.21
-88.52
77.32
91.55
31.59
-73.19
33.60
4.98
29.88
-96.21
60.55
16.98
40.73
81.22
-61.79
39.62
-80.47
80.95
-59.84
10.04
10.79
30.78
56.33
-82.28
97.01
49.00
-86.97
90.62
53.89
-36.36
-94.25
-93.47
-14.86
63.79
-51.39
-84.54
-10.67
22.45
-93.48
-49.10
47.28
25.64
7.54
46.60
51.23
-10.95
-1.96
-83.39
-54.59
-26.73
-80.18
64.58
98.28
-63.23
-12.85
-88.99
43.48
8.76
75.60
26.79
-44.51
-40.75
-64.43
86.80
25.71
34.69
-71.52
35.22
-32.62
13.66
33.94
3.07
-95.27
-6.17
20.79
14.64
57.33
22.31
89.73
34.44
-32.17
29.63
-7.31
44.11
-8.43
29.47
-45.33
-24.39
-78.79
4.69
-60.92
7.49
-82.58
-43.06
4.86
-55.79
57.08
-6.60
95.09
91.99
88.10
-43.04
94.42
47.45
75.02
-0.65
-60.35
53.32
11.45
-24.43
62.10
-36.84
23.10
-16.46
-23.95
50.83
-68.01
45.94
72.89
0.58
-44.49
-44.29
-71.62
-89.44
-59.17
54.14
-18.34
-76.66
5.26
-89.56
60.23
-39.61
-55.33
52.58
90.58
87.72
41.87
-50.73
-91.14
-16.23
59.71
7.15
99.30
5.29
67.72
-12.17
26.53
81.50
-47.95
66.65
20.32
70.61
-81.26
98.54
-70.03
4.60
-97.62
46.00
-73.97
-6.66
-62.55
94.97
88.70
-34.84
90.32
58.71
-60.79
81.45
-10.77
67.57
22.59
61.97
-9.32
34.56
-14.41
-14.46
55.85
-70.18
69.11
50.82
7.58
-60.19
-74.36
58.38
54.29
-5.48
-42.02
-46.79
-79.47
29.23
-21.95
84.02
22.90
-44.30
60.14
92.53
83.30
85.50
-3.52
4.53
-6.77
-63.50
-36.37
23.07
-71.96
98.13
67.32
24.96
55.85
49.06
-59.93
-91.03
11.42
-96.37
6.00
-46.83
71.36
8.48
-3.37
-48.24
-48.20
-9.70
-25.34
61.33
59.57
-96.41
-15.25
56.63
56.98
74.87
12.96
9.61
-42.15
-88.89
-60.15
46.71
6.32
-90.02
-49.61
-4.72
67.26
-16.32
-47.83
-74.81
65.05
-72.55
3.83
87.45
-4.14
80.95
56.66
13.14
38.59
-45.85
-62.38
47.96
-71.27
41.62
9.77
79.04
-3.38
5.58
-1.35
63.83
-46.14
17.92
25.73
-76.44
-24.01
65.48
49.24
-25.62
-48.02
55.72
-15.94
68.68
-67.28
-5.75
-19.95
-27.96
16.55
-54.06
4.09
71.50
-78.28
-86.15
-88.83
-36.00
57.21
-56.74
61.62
8.61
32.68
-87.57
-50.24
55.88
-6.94
-43.97
1.63
34.20
0.83
27.87
-39.82
-36.59
-75.01
-7.38
-53.55
63.62
-26.24
52.12
-32.24
10.90
-84.03
-38.29
-15.63
91.52
-58.44
98.10
4.13
-93.79
-67.73
66.39
-75.49
-88.61
5.17
2.92
-73.17
-68.29
31.48
-61.07
65.78
35.46
23.22
-48.51
-12.03
-28.36
-32.80
94.77
70.41
-0.30
58.78
11.08
41.56
38.91
11.72
-9.40
12.11
-25.26
93.56
62.19
-48.84
-68.58
4.46
-70.63
-45.64
-19.87
-55.21
-48.15
20.49
61.20
63.91
-62.78
-87.33
29.04
-66.48
82.06
-80.16
63.58
54.37
-88.21
-58.00
-63.63
-8.86
-68.58
57.43
61.14
39.60
44.33
-6.40
-9.70
-59.21
-26.12
84.90
5.07
-99.40
34.98
40.10
1.41
-29.80
77.39
52.77
45.32
87.82
-82.07
28.17
-96.08
-70.87
-73.61
-25.31
64.90
-39.87
-51.89
-65.38
33.74
-61.46
-43.28
25.73
-57.77
-4.40
-41.51
39.97
14.47
-98.41
87.10
48.54
91.03
54.60
94.94
78.32
67.36
98.48
-19.03
-96.77
-1.34
34.23
-10.87
14.13
-23.78
13.30
73.03
-12.31
-67.64
-12.84
13.25
-94.36
63.84
-61.50
93.38
53.87
-89.11
-57.19
99.79
30.27
-36.89
-94.64
-53.11
82.40
-20.78
52.83
-31.87
4.67
39.45
73.80
-67.77
-73.63
36.25
-29.55
26.07
38.10
75.73
-56.00
-24.51
87.11
91.90
-43.05
-45.79
55.38
-17.28
96.61
96.30
-86.35
53.59
-99.86
-48.40
82.92
-22.38
40.73
14.86
-40.10
83.20
43.20
-49.00
-11.00
-74.78
-26.77
88.09
26.86
50.08
-68.71
-40.35
-87.92
77.65
-78.92
-73.90
-51.80
64.71
-65.80
69.23
-30.20
89.13
-99.14
-86.20
-79.78
-60.95
-64.74
56.59
81.65
53.61
-73.98
-76.13
86.77
-10.93
-89.91
-24.67
-80.51
22.45
-77.27
-39.13
-82.32
59.82
10.42
-41.95
-17.92
58.65
77.99
65.24
-12.69
-63.65
-72.67
75.28
25.23
-97.27
-7.26
-73.78
-3.70
-52.07
-56.53
-3.93
53.54
-75.76
82.17
73.53
-79.69
-22.78
8.93
2.64
-80.87
-8.29
98.18
5.60
62.60
45.07
-73.31
66.56
-44.58
-68.95
-86.54
-11.35
-62.17
-45.21
13.04
-91.65
-32.62
-16.64
83.19
45.49
-7.85
14.18
24.84
63.04
-13.57
-84.12
72.71
49.73
-28.20
-30.63
64.84
-77.13
-5.34
9.53
-40.32
-33.21
-41.60
-79.81
27.67
55.49
87.81
-61.31
45.87
15.74
-45.06
65.16
7.48
20.23
-49.87
50.36
-49.08
-7.06
48.12
20.64
10.83
-84.42
-54.14
-54.49
-48.29
-92.47
20.26
-66.82
15.19
-8.81
78.17
-50.30
-15.97
75.99
-43.59
-10.59
-77.83
-69.99
-80.59
64.56
-61.70
-30.83
-30.41
-9.30
-38.99
27.49
-70.38
74.35
-24.61
10.59
8.31
-96.75
-76.11
68.37
50.80
92.44
51.16
-27.51
-10.29
86.11
99.85
94.82
41.33
-5.30
33.57
-26.74
-39.35
-8.98
-51.23
54.14
73.19
2.15
55.56
-96.30
39.74
-1.93
82.31
95.56
41.67
63.18
-72.40
73.64
-62.97
-22.90
-35.37
-34.08
7.86
41.44
-55.14
-43.57
-27.08
-16.44
36.85
33.09
-22.65
42.97
76.41
-82.50
80.66
22.00
-41.10
-80.33
77.97
90.81
-86.93
31.30
33.72
-61.06
-45.22
65.51
-90.40
91.65
-1.56
-14.13
50.65
5.06
-12.40
30.43
66.49
-19.99
-83.98
-97.82
64.39
5.71
2.79
87.51
38.15
79.98
72.95
43.57
57.44
82.09
-32.98
1.93
-68.24
-57.03
84.54
-35.15
-53.79
-56.79
20.03
38.72
78.55
-72.51
-48.63
37.22
77.39
22.23
-18.32
-76.41
-52.33
92.57
-21.86
-98.05
31.14
32.59
-8.06
-91.27
-86.21
-85.44
74.94
-97.26
11.39
95.27
-96.04
-78.04
-5.08
43.97
-55.04
30.96
3.16
37.97
8.65
54.65
23.18
70.77
33.34
-75.37
12.64
8.47
-73.18
-30.34
-13.56
-48.81
45.87
29.96
27.73
-84.39
35.66
-51.55
-39.17
-19.77
58.29
-76.69
-57.97
56.66
-60.29
3.90
-97.07
-21.24
62.74
-39.56
-24.51
82.88
-72.81
19.97
-44.81
35.37
19.30
-69.25
34.52
-41.57
-91.93
40.03
-30.51
-17.31
-15.14
-60.02
-76.99
12.30
54.80
-9.31
28.68
56.23
25.42
-53.83
88.77
-70.03
-82.52
95.11
-63.70
-63.19
11.24
96.21
18.76
-83.07
-9.73
99.83
6.37
67.25
-16.71
44.94
-10.37
2.13
-55.40
94.13
7.45
-51.26
-10.64
74.27
-98.94
-25.58
-11.10
22.83
-94.99
4.45
-18.88
-20.57
16.71
-84.22
54.70
13.16
14.12
-74.36
56.05
-61.21
-17.59
-19.79
-59.49
22.50
25.73
-23.10
-51.94
78.76
15.41
-70.80
-1.92
72.75
86.85
-93.92
-76.01
-4.80
-22.05
15.43
81.82
-31.03
-80.24
87.67
2.80
-34.65
-72.01
-5.94
55.80
-83.82
39.66
-45.48
66.12
-57.33
27.32
4.20
80.32
29.76
15.76
-98.36
-58.68
53.54
67.73
-80.64
-22.89
-52.17
-81.56
-81.33
6.56
55.81
88.78
69.34
83.65
-35.95
-69.02
-86.99
90.09
-75.58
-37.82
-11.32
95.15
-98.46
55.23
-0.58
78.01
-48.82
42.54
-64.63
-70.56
-59.50
11.86
0.80
-53.29
-90.66
3.31
-9.31
-94.83
-98.48
21.96
-17.48
-92.01
-19.16
21.93
-98.82
52.83
92.85
93.56
17.06
-82.19
6.47
69.83
5.26
-22.74
-4.80
27.73
-20.62
44.00
72.80
-78.12
-82.04
19.03
32.15
59.06
-35.75
16.58
2.90
73.93
-34.58
-70.97
94.13
28.79
-59.67
-68.57
26.20
-52.51
-9.46
-22.85
-56.22
10.86
39.48
97.31
-30.76
43.98
-5.93
-97.57
53.62
-15.07
23.00
-30.51
40.63
-36.42
-5.56
-4.48
-91.64
33.10
75.08
43.73
13.16
91.31
55.43
-46.17
19.88
73.44
40.36
11.30
-40.62
45.36
-58.85
-18.76
-23.62
-41.02
-74.09
12.08
87.47
20.22
-32.83
-6.04
86.85
6.34
86.32
26.91
76.27
-63.00
-98.12
25.45
24.46
-65.63
52.57
14.20
-74.08
16.26
-58.80
14.62
-27.29
-96.89
60.78
93.40
51.69
-7.58
-92.48
30.76
61.23
20.81
-77.02
-84.48
-32.88
13.79
29.39
67.13
-90.09
-51.54
-3.22
-20.35
-31.36
-85.74
61.44
32.70
55.71
-45.86
-35.00
27.88
2.24
31.08
-12.56
-69.42
-40.20
16.51
-88.12
-76.41
69.51
-93.27
9.20
39.01
-20.71
94.73
34.61
86.83
89.50
-54.48
47.85
41.87
13.16
-87.76
-11.70
22.65
-25.69
9.37
2.61
72.94
2.93
69.54
-50.57
-67.60
-4.53
-66.75
-5.66
-43.12
5.29
-95.79
-43.27
81.11
-93.81
-73.73
36.72
-44.63
30.12
-38.11
13.46
38.81
38.64
21.79
-79.00
34.93
-56.73
64.96
-71.80
22.79
-34.75
-19.15
-74.56
-0.26
-14.56
-82.84
48.20
-62.09
-85.59
-57.35
44.47
-55.58
-4.36
17.68
-8.60
31.02
-90.18
-4.21
1.67
-67.81
48.70
18.94
6.40
62.57
-86.22
-96.50
16.92
-39.93
-78.89
84.47
68.84
-40.88
-95.51
-9.63
-28.58
-91.49
-86.93
-48.06
-19.52
-13.76
-8.62
-22.72
27.05
-37.48
-0.61
-57.17
24.70
91.76
-92.08
3.61
-96.48
85.44
54.85
57.41
59.92
79.40
21.10
62.48
-92.44
84.15
-55.53
58.44
-1.75
-74.18
-80.17
66.75
-36.40
-62.12
13.75
14.69
45.32
12.24
-58.49
-34.73
56.82
-14.55
-43.77
31.42
-42.72
-69.57
-75.63
-22.39
94.21
-96.24
-73.26
-95.22
6.98
-29.53
10.16
-18.58
54.49
73.47
3.14
70.16
-94.54
-53.70
58.09
-61.38
-82.29
29.83
-98.28
36.96
-44.66
87.70
-0.34
7.83
79.99
-33.61
-38.77
-65.67
91.39
19.13
-72.99
-37.61
19.09
-55.24
-60.72
-97.25
66.58
-64.02
-11.56
-57.32
-65.36
-73.31
80.01
17.61
-74.45
-17.37
-81.10
-8.22
-94.09
76.47
28.38
-10.78
-98.13
-80.09
-45.40
74.63
-80.81
-41.07
-95.76
50.18
23.33
-33.77
-17.28
48.21
62.91
29.87
-92.63
-3.04
92.61
-90.90
-81.88
48.19
-63.94
44.58
-21.85
36.90
26.60
-62.06
3.53
51.56
-99.21
44.33
44.22
32.71
-36.96
-20.30
-99.59
-98.40
82.73
21.30
45.11
24.73
-38.71
46.89
-7.35
92.27
5.54
8.31
19.45
56.75
-92.87
56.23
-49.88
-65.25
44.25
45.30
72.68
-99.45
72.04
-69.06
-98.64
-65.22
54.66
-3.61
28.19
-58.75
-84.32
-78.54
80.40
-69.04
17.42
-21.54
-61.30
69.12
18.34
7.72
-27.21
6.11
-30.55
90.45
73.85
98.28
78.10
79.94
-81.18
31.03
93.04
-97.80
-20.03
39.47
3.54
42.39
86.42
19.37
-89.81
11.25
-90.85
30.58
-17.76
80.07
-10.36
87.31
-49.21
-73.66
52.56
22.72
-86.85
-28.12
78.10
-52.97
-48.46
-8.62
74.92
-45.56
-36.62
-45.42
-62.58
-89.01
7.71
99.08
-51.79
50.36
-83.88
19.95
-66.76
-12.42
-27.44
42.87
-7.29
94.93
85.08
-8.79
33.11
-8.41
-92.45
77.70
79.84
-22.36
56.37
25.86
-57.73
63.83
-60.67
28.98
16.95
9.03
-98.46
10.64
-56.71
-90.86
-84.42
6.49
-23.63
43.21
43.34
-78.75
-57.98
74.52
33.89
38.60
10.21
-82.33
-87.06
5.04
82.16
59.91
8.67
-86.77
-80.19
97.01
72.29
70.52
-76.93
6.05
91.71
56.31
-9.78
82.46
-42.00
-89.57
-35.93
41.59
-88.71
-45.55
89.86
-74.97
-22.24
25.29
-86.54
77.61
-48.67
-83.73
-94.05
-84.67
-41.85
56.44
7.78
-42.02
-81.16
17.84
-12.47
-88.25
22.96
-71.37
-32.30
-12.21
-51.32
-28.73
4.82
-54.32
74.88
-38.05
61.92
-10.00
-53.45
-34.67
-86.57
-56.03
99.93
-51.02
-94.31
59.91
20.60
-58.87
30.54
-14.93
-58.30
18.47
-16.29
-23.52
48.20
45.11
11.44
50.07
44.57
45.36
-55.86
10.08
54.17
-29.25
36.25
-44.09
41.24
-3.05
-38.97
-58.25
-15.24
71.60
41.13
-18.71
-51.49
-31.87
52.30
-24.49
91.64
44.22
-3.60
-46.61
91.13
66.14
-58.21
-18.60
-35.53
25.00
-31.65
14.12
-50.06
44.08
-5.21
98.80
-81.18
13.91
-67.15
-8.83
58.09
29.16
67.83
-11.73
-4.81
-56.58
-56.10
-31.58
82.37
-36.17
57.77
-62.55
-13.41
9.60
-19.99
-30.33
43.92
-7.74
-12.70
-24.77
44.68
3.16
-72.47
15.99
25.57
-7.41
7.14
89.19
-54.14
98.81
-46.50
98.29
5.15
-31.20
81.98
-99.49
66.99
-95.78
98.75
-65.26
-82.12
87.19
-45.98
-1.31
-91.55
53.21
-21.64
64.16
83.84
46.27
-17.78
99.83
-97.65
95.99
-26.02
-44.44
-23.11
40.36
74.08
52.04
-70.15
4.60
-34.15
-73.68
-59.28
86.35
86.37
71.97
27.19
-32.00
-29.88
-45.62
80.86
52.13
-58.55
92.63
-54.41
-2.96
-80.17
36.65
-43.64
-49.98
26.10
-82.19
-41.40
58.03
-64.19
85.98
-66.75
50.21
-68.80
-99.79
63.21
-7.64
-17.10
32.58
-42.92
39.61
90.55
11.33
-99.64
-61.61
20.66
30.61
-96.99
62.67
29.63
99.50
60.08
67.86
66.08
-75.59
-29.62
65.29
-35.94
-22.58
-52.47
-96.56
16.56
59.10
9.70
-36.86
23.30
82.14
-65.92
79.19
66.23
32.11
-83.98
84.85
-39.71
3.59
-18.41
4.21
-37.89
79.21
25.41
-39.17
60.78
-79.11
41.52
-87.56
-42.06
-72.85
74.64
-77.90
-40.66
70.00
77.74
1.98
-77.32
41.07
-95.31
45.56
-70.65
-68.72
-70.52
-76.48
48.86
-48.96
-85.48
-4.13
56.27
-29.74
45.97
-34.11
48.38
-73.10
48.50
61.87
17.34
45.71
-81.59
-58.01
8.40
42.08
18.52
-34.93
-5.69
-47.17
-22.00
88.66
76.98
19.19
-52.19
-13.04
-98.16
-88.05
9.00
68.27
-36.83
-39.97
96.35
-94.53
21.37
61.15
37.92
-87.45
-41.75
-94.99
16.03
-30.12
-55.87
10.08
52.92
-73.04
94.91
35.92
-61.76
50.05
-4.39
61.69
-98.78
98.73
63.39
-53.96
7.29
12.34
53.25
84.05
1.48
18.24
-17.22
-18.44
4.77
-58.05
-49.41
-95.64
66.73
-57.71
4.45
29.36
68.07
-86.00
-59.86
45.27
-7.12
-53.12
-37.00
-70.60
48.09
-36.69
52.34
-58.46
-18.45
83.29
-83.72
24.55
38.61
8.04
-41.15
92.56
15.05
-85.06
-31.08
8.64
22.36
-72.81
-56.44
-55.10
3.89
34.55
-16.76
-45.24
-43.99
24.95
44.21
-63.09
42.38
-85.62
-72.54
40.33
-51.67
38.82
75.93
93.33
83.82
-12.95
11.43
-17.14
-77.99
52.16
-52.71
60.25
32.75
-86.42
65.90
46.29
-0.39
56.36
-19.83
33.11
-39.78
52.25
-17.57
-48.69
-1.94
41.30
69.62
-8.78
-64.65
14.35
-7.46
66.74
-98.89
6.35
-93.94
-35.67
-84.04
76.79
-67.89
-27.52
92.61
-68.82
-72.04
45.23
-68.06
-4.93
-46.42
16.22
88.22
77.62
33.19
0.07
57.43
75.23
6.18
-69.52
-51.78
-46.92
-82.48
3.58
53.52
50.97
79.40
38.46
94.29
-43.27
-10.47
-83.92
-9.26
55.31
-60.17
-98.47
49.54
21.49
3.95
-12.67
56.81
60.95
74.41
45.37
16.75
31.41
71.35
57.86
-89.27
73.09
33.91
74.41
80.60
20.27
-43.44
-91.05
-40.30
-50.58
-72.18
-71.11
-25.77
-10.97
-38.20
46.96
-41.99
87.55
-25.46
-43.32
-14.80
62.02
-44.17
26.17
55.26
61.49
16.63
-39.21
41.39
-34.11
40.70
51.31
-26.80
82.01
6.05
-18.19
64.50
-92.03
-7.44
-72.95
24.85
79.95
15.61
71.20
-53.02
-3.44
12.93
17.42
-40.11
87.20
98.59
-29.58
45.59
-35.93
88.09
-30.02
40.76
-1.41
-74.48
15.91
58.00
76.57
-79.85
29.03
12.87
-11.37
15.79
-65.16
-20.19
-87.77
66.02
-41.90
-71.51
-14.18
-48.43
89.29
29.58
-26.97
74.04
-51.02
51.09
68.21
84.61
91.20
-1.92
13.47
-7.05
8.66
70.15
96.24
20.35
9.67
32.11
-26.64
-47.73
-59.20
14.39
-56.93
29.17
98.82
92.82
-42.99
-37.09
-10.80
-1.23
-59.92
36.98
-28.42
24.13
59.68
76.21
83.44
-52.81
-53.83
-66.74
-45.22
-6.09
4.23
-51.09
82.52
-76.38
41.78
-71.39
-55.76
-75.03
13.15
0.92
-21.49
-87.05
66.66
94.27
0.67
-85.55
-63.80
24.02
-48.30
-80.38
57.30
-92.00
-59.50
-39.97
-65.59
64.76
-44.88
36.01
-1.27
61.42
-39.47
29.93
44.04
84.22
71.75
-75.94
67.95
32.39
31.28
34.46
39.19
67.68
66.65
-33.34
31.74
76.56
-67.30
6.55
-12.67
45.01
-96.28
47.38
-86.37
-38.44
-77.01
22.66
-38.76
-15.32
36.22
18.41
1.95
-13.90
-91.17
-69.77
75.14
35.31
-50.03
-51.49
-63.78
75.95
70.24
-17.39
-73.65
-97.92
-8.35
-36.05
-43.74
-2.52
-97.39
-25.68
-67.19
99.07
-95.33
-48.85
-43.91
-92.70
-27.38
-33.51
29.10
23.10
76.63
-80.01
-66.78
55.28
53.11
-35.07
81.39
-22.57
97.10
-20.20
-0.35
11.20
67.96
98.55
86.56
18.12
-78.74
-68.04
-5.87
46.26
-64.42
-62.29
31.69
81.30
81.32
21.85
-14.19
-28.54
-23.60
35.45
-28.51
8.64
-66.75
-12.13
-1.74
-33.02
-60.10
-47.20
-45.51
73.53
49.67
-1.00
-23.34
40.67
-92.81
-41.54
71.69
-98.49
30.34
74.76
22.57
-12.81
-52.32
-27.80
10.64
-2.04
-99.31
-3.74
76.87
11.17
-51.09
-64.88
12.31
-19.68
13.42
-60.16
20.61
-31.33
-77.28
48.43
-10.94
15.44
96.68
-14.29
-95.63
-31.62
94.57
-64.92
93.45
96.37
11.62
-83.58
-83.55
-42.98
-40.96
51.67
87.55
96.79
-22.57
-23.89
-68.02
14.42
84.81
92.01
-95.05
15.84
24.46
-35.50
-97.72
42.37
-70.90
65.33
31.56
62.71
47.98
74.94
53.15
37.19
-5.69
61.55
-6.00
30.18
-52.46
2.55
-36.39
58.02
62.44
-87.79
-7.54
-9.72
57.56
27.20
11.89
-66.27
-17.52
-68.43
-38.75
-8.09
73.31
90.58
22.72
-56.56
85.04
64.39
-90.61
47.32
-96.01
32.82
24.51
7.14
-65.75
-71.21
-85.77
5.54
19.70
-31.58
33.12
-91.45
7.37
26.06
-74.10
-54.15
27.92
-83.61
63.97
-84.62
34.66
-48.85
-1.34
33.02
-72.63
12.80
27.77
-56.11
-31.17
9.16
-44.96
-76.53
69.34
12.64
-12.98
52.96
69.47
-76.53
2.37
51.76
72.38
-33.18
49.10
-29.52
-55.86
85.17
-91.51
52.22
-73.50
60.82
6.73
-21.79
70.22
-68.00
-75.84
48.84
-35.13
-67.66
-14.93
-1.26
-6.44
-56.94
63.48
-45.92
-6.61
26.09
-77.28
49.83
13.91
67.41
25.86
-33.73
-73.47
-12.33
-83.19
-39.55
-9.59
1.56
-29.25
-1.68
-11.60
49.78
77.76
-33.52
2.81
19.27
-61.69
45.37
-96.86
-71.47
-33.71
-44.22
83.23
43.63
34.62
11.78
-90.21
2.35
88.87
-3.33
58.17
-79.98
20.81
-61.27
-92.52
78.62
-22.84
-41.81
-82.51
-74.44
47.42
-95.15
24.11
23.10
-74.59
11.60
61.64
63.52
-29.03
-43.49
-60.30
-3.57
4.98
-0.79
15.00
-78.12
61.68
-36.57
77.03
90.56
69.76
-6.15
48.78
64.30
91.80
-78.05
-30.09
27.28
-39.67
53.05
-0.71
91.57
-60.34
-36.01
-56.75
-10.23
-20.21
55.05
-74.68
-34.72
-1.26
-90.18
72.81
-5.49
-89.98
83.91
25.87
27.32
73.28
87.05
-72.11
-79.94
-30.98
78.24
-13.47
52.24
33.78
46.36
-61.41
-68.91
-99.30
-8.44
-36.24
50.83
38.39
-39.93
36.31
-18.03
-66.21
73.64
-53.91
-35.07
31.61
6.16
62.10
54.41
8.12
12.96
-14.98
19.31
-61.88
-5.47
44.87
73.84
1.34
-39.75
52.78
-2.99
-13.14
-23.06
-79.92
-60.17
77.94
69.16
-30.00
-56.53
1.28
46.42
-91.32
46.20
7.20
87.70
-22.97
-54.30
99.18
87.14
-43.42
32.26
-9.40
98.72
20.47
8.60
-34.79
-70.34
80.91
-67.65
69.35
-91.78
22.18
58.18
-81.58
57.08
-91.00
-44.13
-45.98
-62.52
60.41
98.99
-61.63
-87.43
75.42
46.79
41.28
4.45
-96.06
-48.47
95.58
22.22
10.85
-13.51
-44.86
75.37
-2.72
-96.05
1.56
8.26
90.76
-51.25
93.93
-50.88
42.94
59.61
-89.80
68.35
-98.79
-43.28
-8.92
62.58
-9.77
65.54
-29.69
-67.19
-96.59
25.23
-68.76
54.76
-13.68
-78.99
-77.05
14.33
-51.98
-89.33
-16.02
51.70
42.59
53.77
47.46
32.67
86.72
43.85
14.01
22.41
-30.31
16.10
-18.34
-46.13
-42.42
98.98
73.06
66.36
-61.18
-24.67
43.97
15.96
-29.33
75.24
-83.66
-81.52
-73.94
91.93
19.49
41.00
86.06
43.64
71.16
-27.23
29.62
37.67
77.99
-60.31
-24.04
-49.64
-11.81
69.27
61.47
53.63
-84.33
-9.86
-55.62
-55.97
30.71
56.44
-27.10
76.99
25.67
-61.02
-82.89
9.97
-89.69
13.13
67.13
-20.83
40.83
62.73
9.15
-19.38
67.60
-79.12
-71.74
64.36
92.31
-2.73
1.86
-79.00
-88.72
-7.22
67.87
37.76
83.31
-24.69
-77.29
42.44
72.08
-88.83
-23.34
45.11
33.63
30.00
7.93
-88.64
-60.81
-98.37
-96.82
-42.41
82.47
-7.63
97.00
-97.65
48.58
3.57
-95.83
4.99
-80.35
-76.47
-23.44
40.53
-65.87
-32.43
-21.32
-68.68
-86.43
-94.33
50.20
69.36
-73.36
38.90
-22.67
43.07
12.82
19.78
1.29
30.93
79.63
64.04
-70.74
-16.20
-41.58
19.34
30.73
51.51
-9.62
39.17
-81.07
-68.70
39.34
75.73
-95.39
53.91
39.54
66.68
-47.37
67.71
11.72
84.76
-94.10
8.26
19.86
-47.04
-63.20
64.23
39.18
31.82
66.45
31.54
67.40
-65.79
-66.02
41.66
0.99
59.81
7.22
1.63
-58.56
53.17
88.37
76.70
60.56
-88.29
0.13
-83.99
-13.96
69.46
-26.44
-51.14
-25.53
60.61
-33.09
-86.85
75.36
12.75
32.95
-54.16
-88.96
-31.96
-11.92
92.50
-20.59
-59.07
-89.57
-41.80
-95.52
33.80
59.79
-60.32
2.53
81.76
-54.01
-5.28
80.79
-49.51
-60.34
-95.24
38.69
26.22
-75.97
-1.42
-59.72
-11.22
58.14
35.83
-63.92
-63.80
36.58
-93.67
-72.12
-66.51
5.55
89.24
-88.03
-36.75
93.75
-37.47
-4.55
27.16
-11.90
87.53
-41.03
-72.67
12.27
96.11
22.70
65.59
-84.22
61.48
84.43
-95.39
56.41
23.80
6.97
7.91
-6.34
42.29
89.25
84.28
-85.34
-90.01
-87.58
15.32
-78.20
51.97
73.46
-49.51
35.03
-94.32
11.87
-78.23
-48.61
-78.86
-67.62
-73.03
-40.61
96.46
62.49
-64.59
-99.38
18.90
-37.61
-75.92
-46.77
82.30
-48.03
-53.28
54.29
32.68
-6.89
-4.39
43.45
-83.12
80.77
-2.57
-69.92
-58.23
18.48
1.17
2.46
48.58
-20.72
-68.82
-65.19
56.89
-65.76
-99.90
3.47
93.71
45.65
6.01
-55.64
12.34
59.60
-48.09
-31.18
-46.30
-29.42
-41.87
48.17
-96.69
-18.33
0.65
54.39
44.91
52.91
-42.02
-68.46
-39.05
29.75
31.42
-75.39
52.24
-14.00
65.16
60.63
-58.62
11.36
-34.77
11.52
-76.27
-12.27
-88.92
-32.95
73.05
22.70
63.04
58.92
54.02
-75.92
-80.37
56.13
7.63
23.66
92.96
-98.09
-88.43
-25.15
63.47
-28.40
-77.36
85.80
-70.43
99.67
40.67
-30.54
-1.95
-51.65
78.52
-97.69
-38.67
-97.37
-12.51
-85.17
5.27
-41.41
-53.90
19.70
-81.87
77.96
-12.17
48.11
-69.99
-29.62
-59.31
46.19
-54.34
-31.51
-79.75
-31.74
15.35
37.78
45.92
-17.72
7.40
15.16
-13.78
-82.54
-72.71
39.70
-69.86
-7.45
-3.57
-97.93
-12.17
-8.58
6.08
39.49
84.86
98.56
-67.82
5.41
-95.63
48.33
42.83
-71.45
-69.86
77.83
-35.40
0.61
97.76
-60.85
15.77
55.59
-85.47
42.22
83.23
-90.45
49.17
48.61
4.26
-18.99
-96.04
-83.11
-73.69
84.16
68.89
58.58
-0.56
72.01
-74.53
87.44
-59.47
-49.45
51.92
-92.17
-19.24
-0.52
-55.78
-81.91
-15.09
13.17
84.74
26.58
43.20
-29.72
-8.71
-58.89
-44.83
-87.33
57.97
47.03
-7.83
-14.44
62.07
-82.59
-16.93
5.27
99.52
-41.26
73.19
-80.64
-41.71
-61.07
97.19
78.15
83.17
-16.21
37.89
-11.18
-58.91
-8.57
7.59
73.49
29.05
-53.39
88.27
12.90
-74.07
-14.88
9.65
67.43
-65.53
77.08
-42.51
40.14
34.15
-7.11
41.19
47.67
7.07
-69.69
-93.82
-11.25
-10.08
70.66
6.79
43.28
34.01
-44.53
44.63
-20.94
39.48
-20.88
-19.22
-68.54
-44.78
-48.11
-59.33
50.96
51.10
-36.46
36.28
-4.17
-75.47
31.99
95.73
-73.79
88.38
-42.27
65.32
8.88
-26.74
84.04
85.74
58.84
63.00
71.71
-72.22
82.65
-13.22
-62.65
4.11
-28.00
84.08
-61.36
-88.38
1.32
31.92
-56.63
-97.91
26.79
-31.21
-54.40
-99.87
-63.09
51.30
88.16
-94.47
-5.68
40.82
80.68
-1.89
13.91
68.43
83.29
-40.08
-5.96
-4.11
96.85
-17.68
-79.60
16.34
-2.35
-74.23
64.42
61.63
-15.96
84.79
-14.99
-12.45
-43.37
89.77
47.43
39.91
-25.74
-74.54
97.93
-23.20
-7.17
2.47
98.39
-32.63
-83.67
-61.57
-27.31
-63.98
10.30
78.22
-97.58
-14.67
-9.21
-91.24
-75.64
43.15
41.69
-21.24
-92.34
-36.21
-99.65
-59.11
-19.35
99.15
86.40
84.21
28.86
71.04
-5.93
-0.79
70.04
-76.57
81.63
20.56
52.45
-33.29
-99.50
-41.22
75.66
2.34
65.24
-8.40
74.26
-57.07
-21.07
-62.25
-77.53
-59.61
-11.70
45.41
88.83
-4.46
-37.86
72.50
15.03
82.22
14.57
-69.46
-69.04
13.72
9.37
25.24
40.61
-1.42
-45.05
14.08
78.25
26.87
-40.12
-5.29
49.28
-97.13
-6.79
-14.66
17.70
30.08
-20.55
97.62
49.89
-71.79
89.43
-99.78
3.56
-46.12
63.44
32.35
-51.75
-78.90
-87.56
-51.88
14.36
53.22
75.72
-50.90
-53.32
4.00
-14.85
-59.24
45.36
2.40
71.50
-54.95
20.06
-36.36
57.13
-65.22
-8.80
-80.35
-59.54
-22.01
25.58
3.65
40.03
-97.55
-12.88
-78.63
89.81
-77.66
40.19
-23.19
-25.57
64.50
41.87
-88.92
5.41
97.16
-23.41
-88.76
37.68
94.92
31.66
-88.11
-5.68
-88.98
-27.49
37.23
64.48
46.88
32.15
-54.17
89.06
12.68
-54.28
95.62
12.10
18.14
85.55
-59.31
19.19
27.10
-96.74
28.83
-19.00
17.53
-95.03
30.95
74.80
61.71
50.93
68.24
17.10
96.00
20.55
88.92
-13.31
50.07
-98.31
-46.03
-88.36
40.16
-42.61
-22.50
-18.94
-2.42
58.74
-14.82
-25.68
-66.14
38.22
88.33
-86.17
-56.57
56.26
-8.96
14.54
5.65
61.19
-82.64
16.42
99.96
88.28
74.88
69.66
88.60
-53.95
-29.48
61.66
43.65
-70.16
-95.93
88.54
37.70
-86.60
-93.50
-78.00
-52.98
-89.14
67.61
-96.08
20.66
28.55
11.14
-11.76
56.53
4.64
58.87
13.27
79.75
-72.68
77.70
72.51
90.93
88.20
88.53
-67.83
4.71
36.89
-78.14
-82.09
18.33
-92.48
43.47
-48.38
-84.26
-52.53
-97.04
54.84
91.97
38.97
25.68
-71.62
2.50
16.25
-64.71
76.16
-31.40
56.97
-98.11
-69.18
-1.67
-33.60
-11.35
-79.52
30.57
70.28
96.76
70.55
48.35
-78.18
70.45
-26.16
58.99
27.65
-71.72
-28.47
-74.81
-94.12
81.00
35.22
-8.95
67.64
60.98
-47.75
-44.61
-72.02
9.37
-5.48
89.31
29.31
-26.03
78.37
20.16
84.34
-8.60
44.27
70.59
-52.22
0.53
-35.30
0.14
39.98
-20.87
-64.51
73.71
80.51
90.98
-22.33
79.43
-36.01
-94.43
32.69
65.81
-89.46
-5.74
82.58
-94.02
92.65
44.30
-85.00
49.08
-55.69
-42.73
-26.29
-97.21
-17.09
97.96
-19.01
20.77
-65.05
92.23
-12.16
37.97
58.08
59.49
-19.74
-34.92
96.79
-80.09
12.46
8.65
58.47
-74.75
85.16
-37.87
36.79
-97.02
23.72
-58.08
-14.95
83.38
64.48
29.78
65.51
-81.41
77.86
13.72
-84.60
-76.35
23.22
-34.99
-89.03
-60.22
81.53
-97.58
-99.62
56.61
15.14
-71.49
86.94
-65.86
-46.25
-71.67
86.33
-72.67
-55.89
75.36
-54.06
-71.02
58.52
12.31
-67.79
61.99
61.94
-97.80
89.12
76.73
-22.00
-58.67
-87.60
-69.12
-73.03
-80.92
39.24
18.37
91.13
-99.92
-33.89
31.17
30.79
65.32
37.33
36.57
11.85
-81.70
-98.67
-8.47
22.96
93.45
-78.56
-62.21
-64.86
66.23
34.25
-93.18
51.66
-37.51
-41.95
-12.57
-41.36
-71.50
28.28
-20.16
-37.06
41.30
57.80
-59.12
-88.16
49.45
-97.49
11.01
-16.46
-83.64
0.45
30.73
9.00
40.97
46.97
35.91
-49.77
58.74
-92.18
96.43
-51.07
79.70
29.35
52.50
-41.10
-26.01
-78.76
39.56
93.29
-37.31
96.91
64.29
-82.40
-1.06
-43.89
-14.73
77.83
-75.47
65.95
58.45
0.52
-55.69
-49.12
77.72
-52.98
5.19
23.43
65.76
12.60
-80.23
5.54
-52.94
5.47
79.84
32.64
-79.93
-54.30
-14.42
-83.33
-37.24
-12.31
-73.16
61.74
97.33
16.77
47.39
15.71
77.75
6.68
-72.19
-66.50
-62.57
9.82
77.12
-1.41
-2.47
-82.58
-71.26
42.99
-87.39
5.82
-81.31
81.43
71.98
50.07
-55.79
-62.65
-95.39
58.11
0.12
40.79
-47.71
44.19
-13.19
-2.50
-23.93
-4.40
-85.77
-67.09
71.17
-2.61
75.98
-65.40
70.91
47.35
9.65
14.14
43.29
-63.93
67.40
-18.07
79.57
95.19
74.29
-96.30
77.12
-42.74
62.76
85.54
46.88
-93.53
-23.90
-69.32
44.72
20.50
-12.41
-9.73
-12.53
0.86
15.27
-62.80
35.22
34.70
14.64
-96.99
62.60
11.33
